cam_pos      = [0.288427, 1.33555, 1.23431]';
cam_dir      = [-0.453777, 0.117159, -0.88338]';
cam_up       = [0.0354961, 0.992909, 0.113452]';
cam_lookat   = [0, 0, 1]';
cam_sky      = [0, 1, 0]';
cam_right    = [-1.18424, -0.0267665, 0.604775]';
cam_fpoint   = [0, 0, 1]';
cam_angle    = 90;
