cam_pos      = [1.99773, 1.14017, -0.231681]';
cam_dir      = [0.452278, 0.333158, 0.827315]';
cam_up       = [-0.0274009, 0.932364, -0.360481]';
cam_lookat   = [0, 0, 1]';
cam_sky      = [0, 1, 0]';
cam_right    = [1.18564, -0.186691, -0.572985]';
cam_fpoint   = [0, 0, 1]';
cam_angle    = 90;
