cam_pos      = [0.287513, 1.02087, -0.72038]';
cam_dir      = [-0.185676, 0.030606, -0.982134]';
cam_up       = [-0.045953, 0.998151, 0.0397927]';
cam_lookat   = [0, 0, 1]';
cam_sky      = [0, 1, 0]';
cam_right    = [-1.30544, -0.0698524, 0.244622]';
cam_fpoint   = [0, 0, 1]';
cam_angle    = 90;
