cam_pos      = [1.23263, 0.963806, -1.50923]';
cam_dir      = [0.95386, 0.272317, -0.12647]';
cam_up       = [-0.291123, 0.941888, -0.167613]';
cam_lookat   = [0, 0, 1]';
cam_sky      = [0, 1, 0]';
cam_right    = [-0.0977236, -0.261608, -1.30035]';
cam_fpoint   = [0, 0, 1]';
cam_angle    = 90;
