cam_pos      = [2.157, 1.24354, 0.962097]';
cam_dir      = [-0.11158, 0.274881, 0.954982]';
cam_up       = [0.110728, 0.958438, -0.262938]';
cam_lookat   = [0, 0, 1]';
cam_sky      = [0, 1, 0]';
cam_right    = [1.31346, -0.101618, 0.182715]';
cam_fpoint   = [0, 0, 1]';
cam_angle    = 90;
