cam_pos      = [2.20744, 1.28508, 1.17598]';
cam_dir      = [-0.374115, 0.278409, 0.884605]';
cam_up       = [0.153837, 0.959289, -0.236854]';
cam_lookat   = [0, 0, 1]';
cam_sky      = [0, 1, 0]';
cam_right    = [1.21633, -0.0631411, 0.53428]';
cam_fpoint   = [0, 0, 1]';
cam_angle    = 90;
