cam_pos      = [2.1583, 1.2276, 0.861638]';
cam_dir      = [-0.00955338, 0.262644, 0.964846]';
cam_up       = [0.104888, 0.95983, -0.26024]';
cam_lookat   = [0, 0, 1]';
cam_sky      = [0, 1, 0]';
cam_right    = [1.3226, -0.13129, 0.0488347]';
cam_fpoint   = [0, 0, 1]';
cam_angle    = 90;
