cam_pos      = [1.04321, 1.44678, 1.91074]';
cam_dir      = [-0.953913, 0.238808, -0.181715]';
cam_up       = [0.246457, 0.968939, -0.0204099]';
cam_lookat   = [0, 0, 1]';
cam_sky      = [0, 1, 0]';
cam_right    = [-0.227692, 0.0854582, 1.30757]';
cam_fpoint   = [0, 0, 1]';
cam_angle    = 90;
