cam_pos      = [1.10493, 0.942853, -1.39116]';
cam_dir      = [0.795816, 0.108247, -0.595785]';
cam_up       = [-0.223146, 0.967075, -0.122359]';
cam_lookat   = [0, 0, 1]';
cam_sky      = [0, 1, 0]';
cam_right    = [-0.748689, -0.306328, -1.05571]';
cam_fpoint   = [0, 0, 1]';
cam_angle    = 90;
