cam_pos      = [0.86751, 1.29542, 1.03556]';
cam_dir      = [-0.511138, 0.050891, -0.857991]';
cam_up       = [0.0911159, 0.995829, 0.00478546]';
cam_lookat   = [0, 0, 1]';
cam_sky      = [0, 1, 0]';
cam_right    = [-1.13669, 0.100722, 0.683145]';
cam_fpoint   = [0, 0, 1]';
cam_angle    = 90;
