cam_pos      = [0.543553, 1.42815, 1.70452]';
cam_dir      = [-0.773594, 0.206358, -0.59914]';
cam_up       = [0.174445, 0.978309, 0.111714]';
cam_lookat   = [0, 0, 1]';
cam_sky      = [0, 1, 0]';
cam_right    = [-0.810232, 0.0240675, 1.05444]';
cam_fpoint   = [0, 0, 1]';
cam_angle    = 90;
