cam_pos      = [0.928127, 1.30192, 1.02652]';
cam_dir      = [-0.494981, 0.0508824, -0.867413]';
cam_up       = [0.0995329, 0.995033, 0.00157109]';
cam_lookat   = [0, 0, 1]';
cam_sky      = [0, 1, 0]';
cam_right    = [-1.14803, 0.113793, 0.661791]';
cam_fpoint   = [0, 0, 1]';
cam_angle    = 90;
