cam_pos      = [1.02452, 1.31625, 1.00052]';
cam_dir      = [-0.416471, 0.0494844, -0.907801]';
cam_up       = [0.0999881, 0.994953, 0.00836366]';
cam_lookat   = [0, 0, 1]';
cam_sky      = [0, 1, 0]';
cam_right    = [-1.20183, 0.116091, 0.557692]';
cam_fpoint   = [0, 0, 1]';
cam_angle    = 90;
