cam_pos      = [2.06105, 1.17298, 0.0715337]';
cam_dir      = [0.361986, 0.344973, 0.866002]';
cam_up       = [-0.00476305, 0.929676, -0.368347]';
cam_lookat   = [0, 0, 1]';
cam_sky      = [0, 1, 0]';
cam_right    = [1.23979, -0.171852, -0.44977]';
cam_fpoint   = [0, 0, 1]';
cam_angle    = 90;
