cam_pos      = [0.768627, 0.959636, -1.15835]';
cam_dir      = [0.384976, 0.0197392, -0.922715]';
cam_up       = [-0.18427, 0.981285, -0.0558891]';
cam_lookat   = [0, 0, 1]';
cam_sky      = [0, 1, 0]';
cam_right    = [-1.20278, -0.254755, -0.507274]';
cam_fpoint   = [0, 0, 1]';
cam_angle    = 90;
