cam_pos      = [1.29099, 0.980537, -1.4828]';
cam_dir      = [0.959017, 0.280177, 0.0422794]';
cam_up       = [-0.264791, 0.939286, -0.218239]';
cam_lookat   = [0, 0, 1]';
cam_sky      = [0, 1, 0]';
cam_right    = [0.134141, -0.263473, -1.29672]';
cam_fpoint   = [0, 0, 1]';
cam_angle    = 90;
