cam_pos      = [1.11118, 1.31095, 0.944253]';
cam_dir      = [-0.115639, 0.00329069, -0.993286]';
cam_up       = [0.0255249, 0.999674, 0.000340225]';
cam_lookat   = [0, 0, 1]';
cam_sky      = [0, 1, 0]';
cam_right    = [-1.32064, 0.0336679, 0.153861]';
cam_fpoint   = [0, 0, 1]';
cam_angle    = 90;
