cam_pos      = [0.496937, 1.2755, 0.959963]';
cam_dir      = [-0.567555, 0.0681471, -0.82051]';
cam_up       = [0.091027, 0.995653, 0.0197293]';
cam_lookat   = [0, 0, 1]';
cam_sky      = [0, 1, 0]';
cam_right    = [-1.08832, 0.0844433, 0.759817]';
cam_fpoint   = [0, 0, 1]';
cam_angle    = 90;
