cam_pos      = [0.394704, 1.38494, 1.53988]';
cam_dir      = [-0.625423, 0.162116, -0.763259]';
cam_up       = [0.0994705, 0.986763, 0.128081]';
cam_lookat   = [0, 0, 1]';
cam_sky      = [0, 1, 0]';
cam_right    = [-1.02931, -0.00556326, 0.842249]';
cam_fpoint   = [0, 0, 1]';
cam_angle    = 90;
