cam_pos      = [0.168588, 1.10014, -0.127327]';
cam_dir      = [-0.387142, -0.00831829, -0.921983]';
cam_up       = [0.0145319, 0.99978, -0.0151222]';
cam_lookat   = [0, 0, 1]';
cam_sky      = [0, 1, 0]';
cam_right    = [-1.22613, 0.025606, 0.514625]';
cam_fpoint   = [0, 0, 1]';
cam_angle    = 90;
