cam_pos      = [2.06864, 1.33749, 1.45595]';
cam_dir      = [-0.563322, 0.287182, 0.774722]';
cam_up       = [0.178393, 0.95781, -0.225336]';
cam_lookat   = [0, 0, 1]';
cam_sky      = [0, 1, 0]';
cam_right    = [1.07298, -0.014987, 0.785747]';
cam_fpoint   = [0, 0, 1]';
cam_angle    = 90;
