cam_pos      = [0.167937, 1.10999, -0.0732991]';
cam_dir      = [-0.407262, -0.00998436, -0.913257]';
cam_up       = [0.0207056, 0.999582, -0.0201617]';
cam_lookat   = [0, 0, 1]';
cam_sky      = [0, 1, 0]';
cam_right    = [-1.21439, 0.0360704, 0.541157]';
cam_fpoint   = [0, 0, 1]';
cam_angle    = 90;
