cam_pos      = [1.78471, 1.06428, -0.835892]';
cam_dir      = [0.658079, 0.312169, 0.685188]';
cam_up       = [-0.0837877, 0.934715, -0.345379]';
cam_lookat   = [0, 0, 1]';
cam_sky      = [0, 1, 0]';
cam_right    = [0.995203, -0.225936, -0.852892]';
cam_fpoint   = [0, 0, 1]';
cam_angle    = 90;
