cam_pos      = [1.67702, 1.04935, -0.996612]';
cam_dir      = [0.765046, 0.286732, 0.576619]';
cam_up       = [-0.103698, 0.938572, -0.329134]';
cam_lookat   = [0, 0, 1]';
cam_sky      = [0, 1, 0]';
cam_right    = [0.845311, -0.255372, -0.994553]';
cam_fpoint   = [0, 0, 1]';
cam_angle    = 90;
