cam_pos      = [1.40141, 0.990043, -1.37033]';
cam_dir      = [0.955414, 0.232849, 0.181564]';
cam_up       = [-0.182125, 0.94873, -0.258346]';
cam_lookat   = [0, 0, 1]';
cam_sky      = [0, 1, 0]';
cam_right    = [0.309107, -0.284301, -1.26195]';
cam_fpoint   = [0, 0, 1]';
cam_angle    = 90;
