cam_pos      = [0.870292, 0.947773, -1.25125]';
cam_dir      = [0.495448, 0.0464644, -0.867394]';
cam_up       = [-0.211121, 0.975067, -0.0683583]';
cam_lookat   = [0, 0, 1]';
cam_sky      = [0, 1, 0]';
cam_right    = [-1.12065, -0.288601, -0.655562]';
cam_fpoint   = [0, 0, 1]';
cam_angle    = 90;
