cam_pos      = [1.08265, 1.30656, 0.961814]';
cam_dir      = [-0.270465, 0.0197854, -0.962526]';
cam_up       = [0.062086, 0.998066, 0.00307012]';
cam_lookat   = [0, 0, 1]';
cam_sky      = [0, 1, 0]';
cam_right    = [-1.27777, 0.0783756, 0.360656]';
cam_fpoint   = [0, 0, 1]';
cam_angle    = 90;
