cam_pos      = [1.22976, 0.972038, -1.4311]';
cam_dir      = [0.875751, 0.228279, -0.425381]';
cam_up       = [-0.283073, 0.956582, -0.0694297]';
cam_lookat   = [0, 0, 1]';
cam_sky      = [0, 1, 0]';
cam_right    = [-0.520112, -0.241019, -1.20012]';
cam_fpoint   = [0, 0, 1]';
cam_angle    = 90;
