cam_pos      = [0.276675, 1.0355, -0.616913]';
cam_dir      = [-0.25646, 0.0294656, -0.966106]';
cam_up       = [-0.0238894, 0.999037, 0.0368116]';
cam_lookat   = [0, 0, 1]';
cam_sky      = [0, 1, 0]';
cam_right    = [-1.28513, -0.0432521, 0.339827]';
cam_fpoint   = [0, 0, 1]';
cam_angle    = 90;
