cam_pos      = [2.19439, 1.21741, 0.737302]';
cam_dir      = [0.111226, 0.248913, 0.962118]';
cam_up       = [0.102432, 0.960097, -0.260232]';
cam_lookat   = [0, 0, 1]';
cam_sky      = [0, 1, 0]';
cam_right    = [1.31471, -0.16957, -0.108117]';
cam_fpoint   = [0, 0, 1]';
cam_angle    = 90;
