cam_pos      = [1.68217, 1.05004, -0.988482]';
cam_dir      = [0.759372, 0.286625, 0.584123]';
cam_up       = [-0.100808, 0.938732, -0.329576]';
cam_lookat   = [0, 0, 1]';
cam_sky      = [0, 1, 0]';
cam_right    = [0.854924, -0.254545, -0.986516]';
cam_fpoint   = [0, 0, 1]';
cam_angle    = 90;
