cam_pos      = [0.169045, 1.10195, -0.117714]';
cam_dir      = [-0.390655, -0.0105914, -0.920476]';
cam_up       = [0.0161846, 0.9997, -0.0183718]';
cam_lookat   = [0, 0, 1]';
cam_sky      = [0, 1, 0]';
cam_right    = [-1.22413, 0.0293592, 0.519187]';
cam_fpoint   = [0, 0, 1]';
cam_angle    = 90;
