cam_pos      = [0.17844, 1.19958, 0.487152]';
cam_dir      = [-0.415558, 0.00148804, -0.909566]';
cam_up       = [0.0200471, 0.999771, -0.0075234]';
cam_lookat   = [0, 0, 1]';
cam_sky      = [0, 1, 0]';
cam_right    = [-1.20943, 0.0284096, 0.552604]';
cam_fpoint   = [0, 0, 1]';
cam_angle    = 90;
