cam_pos      = [2.19754, 1.26793, 1.07859]';
cam_dir      = [-0.271269, 0.26663, 0.924836]';
cam_up       = [0.134922, 0.961911, -0.237744]';
cam_lookat   = [0, 0, 1]';
cam_sky      = [0, 1, 0]';
cam_right    = [1.26749, -0.0801832, 0.394892]';
cam_fpoint   = [0, 0, 1]';
cam_angle    = 90;
