cam_pos      = [1.229, 0.971142, -1.44929]';
cam_dir      = [0.896338, 0.246293, -0.368671]';
cam_up       = [-0.295756, 0.951622, -0.0833259]';
cam_lookat   = [0, 0, 1]';
cam_sky      = [0, 1, 0]';
cam_right    = [-0.439316, -0.244354, -1.23134]';
cam_fpoint   = [0, 0, 1]';
cam_angle    = 90;
