cam_pos      = [1.10528, 1.30868, 0.948532]';
cam_dir      = [-0.142909, 0.00628808, -0.989716]';
cam_up       = [0.0311863, 0.999512, 0.0018472]';
cam_lookat   = [0, 0, 1]';
cam_sky      = [0, 1, 0]';
cam_right    = [-1.31569, 0.0407001, 0.190237]';
cam_fpoint   = [0, 0, 1]';
cam_angle    = 90;
