cam_pos      = [1.9044, 1.10546, -0.510119]';
cam_dir      = [0.582474, 0.314051, 0.74973]';
cam_up       = [-0.0532163, 0.935103, -0.350357]';
cam_lookat   = [0, 0, 1]';
cam_sky      = [0, 1, 0]';
cam_right    = [1.07877, -0.218354, -0.746643]';
cam_fpoint   = [0, 0, 1]';
cam_angle    = 90;
