cam_pos      = [0.498617, 1.42565, 1.6751]';
cam_dir      = [-0.725382, 0.201592, -0.658165]';
cam_up       = [0.164271, 0.979225, 0.118883]';
cam_lookat   = [0, 0, 1]';
cam_sky      = [0, 1, 0]';
cam_right    = [-0.889049, 0.0291025, 0.988759]';
cam_fpoint   = [0, 0, 1]';
cam_angle    = 90;
