cam_pos      = [0.200299, 1.29393, 0.970086]';
cam_dir      = [-0.320425, 0.0918345, -0.942812]';
cam_up       = [0.0113507, 0.99559, 0.0931178]';
cam_lookat   = [0, 0, 1]';
cam_sky      = [0, 1, 0]';
cam_right    = [-1.25978, -0.0254505, 0.425672]';
cam_fpoint   = [0, 0, 1]';
cam_angle    = 90;
