cam_pos      = [0.938819, 0.933618, -1.31589]';
cam_dir      = [0.613128, 0.0670809, -0.78713]';
cam_up       = [-0.232113, 0.967706, -0.0983325]';
cam_lookat   = [0, 0, 1]';
cam_sky      = [0, 1, 0]';
cam_right    = [-1.0043, -0.323182, -0.809834]';
cam_fpoint   = [0, 0, 1]';
cam_angle    = 90;
