cam_pos      = [0.769251, 1.30762, 1.05275]';
cam_dir      = [-0.515182, 0.0633687, -0.854735]';
cam_up       = [0.101369, 0.994768, 0.0126516]';
cam_lookat   = [0, 0, 1]';
cam_sky      = [0, 1, 0]';
cam_right    = [-1.13192, 0.106567, 0.69015]';
cam_fpoint   = [0, 0, 1]';
cam_angle    = 90;
