cam_pos      = [1.48586, 1.01535, -1.20763]';
cam_dir      = [0.903865, 0.252286, 0.345514]';
cam_up       = [-0.154209, 0.945456, -0.286937]';
cam_lookat   = [0, 0, 1]';
cam_sky      = [0, 1, 0]';
cam_right    = [0.530747, -0.274074, -1.18831]';
cam_fpoint   = [0, 0, 1]';
cam_angle    = 90;
