cam_pos      = [2.0612, 1.17299, 0.0314662]';
cam_dir      = [0.361526, 0.348059, 0.864959]';
cam_up       = [0.000942854, 0.92757, -0.373648]';
cam_lookat   = [0, 0, 1]';
cam_sky      = [0, 1, 0]';
cam_right    = [1.24004, -0.180746, -0.445566]';
cam_fpoint   = [0, 0, 1]';
cam_angle    = 90;
