cam_pos      = [0.784518, 1.30212, 1.04968]';
cam_dir      = [-0.510526, 0.059033, -0.857834]';
cam_up       = [0.0979011, 0.995144, 0.0102179]';
cam_lookat   = [0, 0, 1]';
cam_sky      = [0, 1, 0]';
cam_right    = [-1.13618, 0.104759, 0.683389]';
cam_fpoint   = [0, 0, 1]';
cam_angle    = 90;
