cam_pos      = [1.14375, 0.946505, -1.40325]';
cam_dir      = [0.81631, 0.117951, -0.565443]';
cam_up       = [-0.216586, 0.970009, -0.110335]';
cam_lookat   = [0, 0, 1]';
cam_sky      = [0, 1, 0]';
cam_right    = [-0.712175, -0.282672, -1.08711]';
cam_fpoint   = [0, 0, 1]';
cam_angle    = 90;
