cam_pos      = [0.995829, 1.44598, 1.89764]';
cam_dir      = [-0.950622, 0.230641, -0.20766]';
cam_up       = [0.237147, 0.971451, -0.00665149]';
cam_lookat   = [0, 0, 1]';
cam_sky      = [0, 1, 0]';
cam_right    = [-0.266262, 0.0739066, 1.30098]';
cam_fpoint   = [0, 0, 1]';
cam_angle    = 90;
