cam_pos      = [1.66873, 1.04903, -1.00461]';
cam_dir      = [0.77097, 0.28603, 0.569028]';
cam_up       = [-0.105978, 0.938634, -0.328229]';
cam_lookat   = [0, 0, 1]';
cam_sky      = [0, 1, 0]';
cam_right    = [0.835229, -0.256358, -1.00278]';
cam_fpoint   = [0, 0, 1]';
cam_angle    = 90;
