cam_pos      = [0.158674, 1.26964, 0.814545]';
cam_dir      = [-0.279867, 0.0629609, -0.957972]';
cam_up       = [0.00499684, 0.997929, 0.0641272]';
cam_lookat   = [0, 0, 1]';
cam_sky      = [0, 1, 0]';
cam_right    = [-1.27683, -0.0175032, 0.371871]';
cam_fpoint   = [0, 0, 1]';
cam_angle    = 90;
