cam_pos      = [0.4622, 1.4169, 1.63436]';
cam_dir      = [-0.683938, 0.19339, -0.703441]';
cam_up       = [0.147776, 0.980961, 0.126007]';
cam_lookat   = [0, 0, 1]';
cam_sky      = [0, 1, 0]';
cam_right    = [-0.950175, 0.0236352, 0.930328]';
cam_fpoint   = [0, 0, 1]';
cam_angle    = 90;
