cam_pos      = [0.105002, 1.18533, 0.0364319]';
cam_dir      = [-0.161999, 0.0542332, -0.985299]';
cam_up       = [-0.0123886, 0.998298, 0.0569856]';
cam_lookat   = [0, 0, 1]';
cam_sky      = [0, 1, 0]';
cam_right    = [-1.31233, -0.0285127, 0.214198]';
cam_fpoint   = [0, 0, 1]';
cam_angle    = 90;
