cam_pos      = [0.887325, 0.944443, -1.26709]';
cam_dir      = [0.518676, 0.0573546, -0.853045]';
cam_up       = [-0.215338, 0.974346, -0.0654216]';
cam_lookat   = [0, 0, 1]';
cam_sky      = [0, 1, 0]';
cam_right    = [-1.10045, -0.289443, -0.688569]';
cam_fpoint   = [0, 0, 1]';
cam_angle    = 90;
