cam_pos      = [0.178384, 1.13095, 0.0356459]';
cam_dir      = [-0.428637, -0.00983991, -0.903423]';
cam_up       = [0.0205887, 0.999575, -0.0206557]';
cam_lookat   = [0, 0, 1]';
cam_sky      = [0, 1, 0]';
cam_right    = [-1.20131, 0.036514, 0.569575]';
cam_fpoint   = [0, 0, 1]';
cam_angle    = 90;
