cam_pos      = [1.88907, 1.37286, 1.69327]';
cam_dir      = [-0.753146, 0.28597, 0.592446]';
cam_up       = [0.21579, 0.958138, -0.188164]';
cam_lookat   = [0, 0, 1]';
cam_sky      = [0, 1, 0]';
cam_right    = [0.826534, 0.0184486, 1.04183]';
cam_fpoint   = [0, 0, 1]';
cam_angle    = 90;
