cam_pos      = [0.550623, 1.28401, 0.991281]';
cam_dir      = [-0.570571, 0.0705983, -0.818208]';
cam_up       = [0.0963707, 0.995171, 0.018664]';
cam_lookat   = [0, 0, 1]';
cam_sky      = [0, 1, 0]';
cam_right    = [-1.08471, 0.0907089, 0.764243]';
cam_fpoint   = [0, 0, 1]';
cam_angle    = 90;
