cam_pos      = [1.32713, 0.987312, -1.46274]';
cam_dir      = [0.957735, 0.268894, 0.102176]';
cam_up       = [-0.24073, 0.943675, -0.226995]';
cam_lookat   = [0, 0, 1]';
cam_sky      = [0, 1, 0]';
cam_right    = [0.20942, -0.256429, -1.28813]';
cam_fpoint   = [0, 0, 1]';
cam_angle    = 90;
