cam_pos      = [1.22833, 0.969864, -1.46048]';
cam_dir      = [0.903576, 0.259749, -0.340707]';
cam_up       = [-0.306399, 0.947626, -0.090136]';
cam_lookat   = [0, 0, 1]';
cam_sky      = [0, 1, 0]';
cam_right    = [-0.398269, -0.247163, -1.24467]';
cam_fpoint   = [0, 0, 1]';
cam_angle    = 90;
