cam_pos      = [2.07482, 1.20328, 0.294948]';
cam_dir      = [0.313509, 0.351014, 0.882327]';
cam_up       = [0.0263216, 0.925602, -0.377582]';
cam_lookat   = [0, 0, 1]';
cam_sky      = [0, 1, 0]';
cam_right    = [1.26246, -0.188328, -0.373657]';
cam_fpoint   = [0, 0, 1]';
cam_angle    = 90;
