cam_pos      = [0.179894, 1.28926, 0.919724]';
cam_dir      = [-0.297488, 0.0848523, -0.950947]';
cam_up       = [0.00776182, 0.996225, 0.0864642]';
cam_lookat   = [0, 0, 1]';
cam_sky      = [0, 1, 0]';
cam_right    = [-1.26974, -0.0243935, 0.395042]';
cam_fpoint   = [0, 0, 1]';
cam_angle    = 90;
