cam_pos      = [1.20557, 1.43846, 1.91673]';
cam_dir      = [-0.971468, 0.236795, -0.0133324]';
cam_up       = [0.23717, 0.969936, -0.0545336]';
cam_lookat   = [0, 0, 1]';
cam_sky      = [0, 1, 0]';
cam_right    = [-2.42758e-05, 0.0746658, 1.3279]';
cam_fpoint   = [0, 0, 1]';
cam_angle    = 90;
