cam_pos      = [0.444426, 1.41275, 1.61291]';
cam_dir      = [-0.664645, 0.18906, -0.722844]';
cam_up       = [0.136688, 0.981896, 0.131132]';
cam_lookat   = [0, 0, 1]';
cam_sky      = [0, 1, 0]';
cam_right    = [-0.976952, 0.0154913, 0.902345]';
cam_fpoint   = [0, 0, 1]';
cam_angle    = 90;
