cam_pos      = [1.2284, 0.96911, -1.46497]';
cam_dir      = [0.906737, 0.260725, -0.331437]';
cam_up       = [-0.307269, 0.946785, -0.0958302]';
cam_lookat   = [0, 0, 1]';
cam_sky      = [0, 1, 0]';
cam_right    = [-0.384123, -0.251015, -1.24834]';
cam_fpoint   = [0, 0, 1]';
cam_angle    = 90;
