cam_pos      = [1.33408, 1.4202, 1.89507]';
cam_dir      = [-0.962289, 0.251195, 0.104407]';
cam_up       = [0.242389, 0.96599, -0.0900648]';
cam_lookat   = [0, 0, 1]';
cam_sky      = [0, 1, 0]';
cam_right    = [0.164228, 0.0816105, 1.3173]';
cam_fpoint   = [0, 0, 1]';
cam_angle    = 90;
