cam_pos      = [0.278093, 1.33114, 1.20419]';
cam_dir      = [-0.444181, 0.112305, -0.888871]';
cam_up       = [0.0308533, 0.993442, 0.110099]';
cam_lookat   = [0, 0, 1]';
cam_sky      = [0, 1, 0]';
cam_right    = [-1.19089, -0.0285676, 0.591495]';
cam_fpoint   = [0, 0, 1]';
cam_angle    = 90;
