cam_pos      = [1.26312, 0.974155, -1.49693]';
cam_dir      = [0.959768, 0.280726, -0.00626671]';
cam_up       = [-0.276279, 0.940107, -0.199671]';
cam_lookat   = [0, 0, 1]';
cam_sky      = [0, 1, 0]';
cam_right    = [0.0667147, -0.257181, -1.30319]';
cam_fpoint   = [0, 0, 1]';
cam_angle    = 90;
