cam_pos      = [1.20509, 0.957266, -1.41733]';
cam_dir      = [0.843056, 0.15499, -0.515009]';
cam_up       = [-0.230561, 0.969275, -0.0857235]';
cam_lookat   = [0, 0, 1]';
cam_sky      = [0, 1, 0]';
cam_right    = [-0.646246, -0.254045, -1.13434]';
cam_fpoint   = [0, 0, 1]';
cam_angle    = 90;
