cam_pos      = [0.814801, 1.44163, 1.84821]';
cam_dir      = [-0.913172, 0.218672, -0.343947]';
cam_up       = [0.223376, 0.974374, 0.0264214]';
cam_lookat   = [0, 0, 1]';
cam_sky      = [0, 1, 0]';
cam_right    = [-0.453412, 0.0700939, 1.24836]';
cam_fpoint   = [0, 0, 1]';
cam_angle    = 90;
