cam_pos      = [2.2041, 1.19857, 0.636642]';
cam_dir      = [0.159462, 0.269163, 0.949802]';
cam_up       = [0.0827083, 0.955088, -0.284547]';
cam_lookat   = [0, 0, 1]';
cam_sky      = [0, 1, 0]';
cam_right    = [1.30836, -0.164828, -0.172951]';
cam_fpoint   = [0, 0, 1]';
cam_angle    = 90;
