cam_pos      = [0.943809, 0.933327, -1.31822]';
cam_dir      = [0.622647, 0.0658868, -0.779724]';
cam_up       = [-0.231742, 0.967275, -0.103322]';
cam_lookat   = [0, 0, 1]';
cam_sky      = [0, 1, 0]';
cam_right    = [-0.994042, -0.325887, -0.821327]';
cam_fpoint   = [0, 0, 1]';
cam_angle    = 90;
