cam_pos      = [2.16154, 1.22717, 0.85192]';
cam_dir      = [0.00506036, 0.262624, 0.964885]';
cam_up       = [0.106224, 0.959297, -0.26166]';
cam_lookat   = [0, 0, 1]';
cam_sky      = [0, 1, 0]';
cam_right    = [1.32246, -0.138078, 0.0306467]';
cam_fpoint   = [0, 0, 1]';
cam_angle    = 90;
