cam_pos      = [1.46801, 1.00967, -1.24337]';
cam_dir      = [0.91888, 0.244278, 0.30982]';
cam_up       = [-0.155989, 0.946226, -0.283413]';
cam_lookat   = [0, 0, 1]';
cam_sky      = [0, 1, 0]';
cam_right    = [0.48198, -0.282085, -1.20707]';
cam_fpoint   = [0, 0, 1]';
cam_angle    = 90;
