cam_pos      = [0.271355, 1.04153, -0.560303]';
cam_dir      = [-0.296488, 0.0358566, -0.954363]';
cam_up       = [-0.00648513, 0.999196, 0.0395558]';
cam_lookat   = [0, 0, 1]';
cam_sky      = [0, 1, 0]';
cam_right    = [-1.27017, -0.0238296, 0.393703]';
cam_fpoint   = [0, 0, 1]';
cam_angle    = 90;
