cam_pos      = [0.147227, 1.22213, 0.501318]';
cam_dir      = [-0.260698, 0.0313742, -0.96491]';
cam_up       = [0.0160917, 0.999474, 0.0281504]';
cam_lookat   = [0, 0, 1]';
cam_sky      = [0, 1, 0]';
cam_right    = [-1.28383, 0.0108904, 0.347218]';
cam_fpoint   = [0, 0, 1]';
cam_angle    = 90;
