cam_pos      = [2.17259, 1.25066, 1.01132]';
cam_dir      = [-0.189378, 0.272177, 0.943428]';
cam_up       = [0.123259, 0.959804, -0.252159]';
cam_lookat   = [0, 0, 1]';
cam_sky      = [0, 1, 0]';
cam_right    = [1.2956, -0.0911484, 0.286368]';
cam_fpoint   = [0, 0, 1]';
cam_angle    = 90;
