cam_pos      = [0.213077, 1.30193, 1.00413]';
cam_dir      = [-0.342884, 0.0960262, -0.934457]';
cam_up       = [0.015372, 0.995202, 0.096628]';
cam_lookat   = [0, 0, 1]';
cam_sky      = [0, 1, 0]';
cam_right    = [-1.24921, -0.024961, 0.455811]';
cam_fpoint   = [0, 0, 1]';
cam_angle    = 90;
