cam_pos      = [1.00934, 1.31134, 1.00612]';
cam_dir      = [-0.433984, 0.0512104, -0.899464]';
cam_up       = [0.097007, 0.995235, 0.00985802]';
cam_lookat   = [0, 0, 1]';
cam_sky      = [0, 1, 0]';
cam_right    = [-1.19126, 0.110358, 0.581056]';
cam_fpoint   = [0, 0, 1]';
cam_angle    = 90;
