cam_pos      = [0.222731, 1.05786, -0.376729]';
cam_dir      = [-0.350306, 0.00945243, -0.936588]';
cam_up       = [0.0104946, 0.999926, 0.00616644]';
cam_lookat   = [0, 0, 1]';
cam_sky      = [0, 1, 0]';
cam_right    = [-1.24565, 0.0101997, 0.466004]';
cam_fpoint   = [0, 0, 1]';
cam_angle    = 90;
