cam_pos      = [0.73482, 1.43955, 1.80374]';
cam_dir      = [-0.885169, 0.222895, -0.408405]';
cam_up       = [0.22436, 0.973466, 0.045016]';
cam_lookat   = [0, 0, 1]';
cam_sky      = [0, 1, 0]';
cam_right    = [-0.542111, 0.0688711, 1.21255]';
cam_fpoint   = [0, 0, 1]';
cam_angle    = 90;
