cam_pos      = [0.23855, 1.0506, -0.4195]';
cam_dir      = [-0.353381, 0.000210917, -0.93548]';
cam_up       = [0.0122357, 0.999915, -0.00439663]';
cam_lookat   = [0, 0, 1]';
cam_sky      = [0, 1, 0]';
cam_right    = [-1.24408, 0.0172899, 0.469961]';
cam_fpoint   = [0, 0, 1]';
cam_angle    = 90;
