cam_pos      = [1.53232, 1.02872, -1.1477]';
cam_dir      = [0.865624, 0.275263, 0.41824]';
cam_up       = [-0.151157, 0.940014, -0.305818]';
cam_lookat   = [0, 0, 1]';
cam_sky      = [0, 1, 0]';
cam_right    = [0.634852, -0.268, -1.13756]';
cam_fpoint   = [0, 0, 1]';
cam_angle    = 90;
