cam_pos      = [2.1617, 1.23652, 0.912805]';
cam_dir      = [-0.0624519, 0.256532, 0.964516]';
cam_up       = [0.0958497, 0.963477, -0.250049]';
cam_lookat   = [0, 0, 1]';
cam_sky      = [0, 1, 0]';
cam_right    = [1.32127, -0.102187, 0.11273]';
cam_fpoint   = [0, 0, 1]';
cam_angle    = 90;
