cam_pos      = [1.48815, 1.01555, -1.20083]';
cam_dir      = [0.900491, 0.253116, 0.35362]';
cam_up       = [-0.151857, 0.944991, -0.289708]';
cam_lookat   = [0, 0, 1]';
cam_sky      = [0, 1, 0]';
cam_right    = [0.541972, -0.275549, -1.18289]';
cam_fpoint   = [0, 0, 1]';
cam_angle    = 90;
