cam_pos      = [2.06403, 1.17871, 0.0991559]';
cam_dir      = [0.360477, 0.340098, 0.868556]';
cam_up       = [-0.00627166, 0.932022, -0.362346]';
cam_lookat   = [0, 0, 1]';
cam_sky      = [0, 1, 0]';
cam_right    = [1.24055, -0.166476, -0.449681]';
cam_fpoint   = [0, 0, 1]';
cam_angle    = 90;
