cam_pos      = [1.2588, 0.972015, -1.49666]';
cam_dir      = [0.9596, 0.280934, -0.0156403]';
cam_up       = [-0.27844, 0.940143, -0.196473]';
cam_lookat   = [0, 0, 1]';
cam_sky      = [0, 1, 0]';
cam_right    = [0.0538538, -0.256544, -1.30391]';
cam_fpoint   = [0, 0, 1]';
cam_angle    = 90;
