cam_pos      = [0.895765, 1.43779, 1.875]';
cam_dir      = [-0.934773, 0.230067, -0.270682]';
cam_up       = [0.233139, 0.972212, 0.0212118]';
cam_lookat   = [0, 0, 1]';
cam_sky      = [0, 1, 0]';
cam_right    = [-0.356493, 0.05756, 1.28004]';
cam_fpoint   = [0, 0, 1]';
cam_angle    = 90;
