cam_pos      = [1.1807, 0.950841, -1.41356]';
cam_dir      = [0.832818, 0.137466, -0.536207]';
cam_up       = [-0.223847, 0.969573, -0.0991042]';
cam_lookat   = [0, 0, 1]';
cam_sky      = [0, 1, 0]';
cam_right    = [-0.673336, -0.26941, -1.11487]';
cam_fpoint   = [0, 0, 1]';
cam_angle    = 90;
