cam_pos      = [1.14966, 1.30512, 0.906312]';
cam_dir      = [-0.0148058, -0.00512177, -0.999877]';
cam_up       = [0.000969051, 0.999986, -0.00513668]';
cam_lookat   = [0, 0, 1]';
cam_sky      = [0, 1, 0]';
cam_right    = [-1.32985, 0.00138982, 0.0196848]';
cam_fpoint   = [0, 0, 1]';
cam_angle    = 90;
