cam_pos      = [0.203092, 1.07164, -0.317945]';
cam_dir      = [-0.345197, 0.00428239, -0.93852]';
cam_up       = [0.00694927, 0.999974, 0.00200679]';
cam_lookat   = [0, 0, 1]';
cam_sky      = [0, 1, 0]';
cam_right    = [-1.24821, 0.00775297, 0.45914]';
cam_fpoint   = [0, 0, 1]';
cam_angle    = 90;
