cam_pos      = [0.973941, 1.44261, 1.89278]';
cam_dir      = [-0.947046, 0.235263, -0.218531]';
cam_up       = [0.240715, 0.970594, 0.00172301]';
cam_lookat   = [0, 0, 1]';
cam_sky      = [0, 1, 0]';
cam_right    = [-0.282638, 0.0677925, 1.29785]';
cam_fpoint   = [0, 0, 1]';
cam_angle    = 90;
