cam_pos      = [1.10392, 1.30438, 0.953333]';
cam_dir      = [-0.177923, 0.0122158, -0.983969]';
cam_up       = [0.0391159, 0.99922, 0.00533215]';
cam_lookat   = [0, 0, 1]';
cam_sky      = [0, 1, 0]';
cam_right    = [-1.30775, 0.0499283, 0.237088]';
cam_fpoint   = [0, 0, 1]';
cam_angle    = 90;
