cam_pos      = [1.81737, 1.07097, -0.770959]';
cam_dir      = [0.646972, 0.306087, 0.698382]';
cam_up       = [-0.0766119, 0.937354, -0.339851]';
cam_lookat   = [0, 0, 1]';
cam_sky      = [0, 1, 0]';
cam_right    = [1.00901, -0.221272, -0.837756]';
cam_fpoint   = [0, 0, 1]';
cam_angle    = 90;
