cam_pos      = [1.0813, 1.45068, 1.91599]';
cam_dir      = [-0.958386, 0.2404, -0.153961]';
cam_up       = [0.247246, 0.968585, -0.0266936]';
cam_lookat   = [0, 0, 1]';
cam_sky      = [0, 1, 0]';
cam_right    = [-0.1898, 0.0846532, 1.31366]';
cam_fpoint   = [0, 0, 1]';
cam_angle    = 90;
