cam_pos      = [1.04958, 1.31386, 0.987784]';
cam_dir      = [-0.373414, 0.0400711, -0.926799]';
cam_up       = [0.0921134, 0.995731, 0.00593826]';
cam_lookat   = [0, 0, 1]';
cam_sky      = [0, 1, 0]';
cam_right    = [-1.2277, 0.110594, 0.49943]';
cam_fpoint   = [0, 0, 1]';
cam_angle    = 90;
