cam_pos      = [0.0878909, 1.21227, 0.302613]';
cam_dir      = [-0.267233, 0.0334743, -0.96305]';
cam_up       = [0.028098, 0.999242, 0.0269355]';
cam_lookat   = [0, 0, 1]';
cam_sky      = [0, 1, 0]';
cam_right    = [-1.28109, 0.0264161, 0.356401]';
cam_fpoint   = [0, 0, 1]';
cam_angle    = 90;
