cam_pos      = [1.0724, 1.45144, 1.91598]';
cam_dir      = [-0.957039, 0.240019, -0.162687]';
cam_up       = [0.24735, 0.968574, -0.0261109]';
cam_lookat   = [0, 0, 1]';
cam_sky      = [0, 1, 0]';
cam_right    = [-0.201238, 0.0867555, 1.31182]';
cam_fpoint   = [0, 0, 1]';
cam_angle    = 90;
