cam_pos      = [2.10132, 1.30869, 1.39604]';
cam_dir      = [-0.501351, 0.284009, 0.817304]';
cam_up       = [0.171538, 0.95847, -0.227839]';
cam_lookat   = [0, 0, 1]';
cam_sky      = [0, 1, 0]';
cam_right    = [1.12793, -0.0345421, 0.7039]';
cam_fpoint   = [0, 0, 1]';
cam_angle    = 90;
