cam_pos      = [1.23369, 0.963997, -1.50972]';
cam_dir      = [0.954716, 0.273635, -0.116792]';
cam_up       = [-0.290637, 0.941708, -0.169459]';
cam_lookat   = [0, 0, 1]';
cam_sky      = [0, 1, 0]';
cam_right    = [-0.0846073, -0.26032, -1.30153]';
cam_fpoint   = [0, 0, 1]';
cam_angle    = 90;
