cam_pos      = [0.0887038, 1.19261, 0.113736]';
cam_dir      = [-0.176706, 0.0434139, -0.983306]';
cam_up       = [-0.0124119, 0.998849, 0.0463306]';
cam_lookat   = [0, 0, 1]';
cam_sky      = [0, 1, 0]';
cam_right    = [-1.30897, -0.0271208, 0.234032]';
cam_fpoint   = [0, 0, 1]';
cam_angle    = 90;
