cam_pos      = [0.101658, 1.19101, 0.0725038]';
cam_dir      = [-0.165674, 0.0455492, -0.985128]';
cam_up       = [-0.0146497, 0.998709, 0.0486408]';
cam_lookat   = [0, 0, 1]';
cam_sky      = [0, 1, 0]';
cam_right    = [-1.31148, -0.0299121, 0.219175]';
cam_fpoint   = [0, 0, 1]';
cam_angle    = 90;
