cam_pos      = [0.351501, 1.24537, 0.824402]';
cam_dir      = [-0.52789, 0.0437315, -0.848186]';
cam_up       = [0.0560822, 0.998289, 0.0165665]';
cam_lookat   = [0, 0, 1]';
cam_sky      = [0, 1, 0]';
cam_right    = [-1.12712, 0.0516345, 0.704154]';
cam_fpoint   = [0, 0, 1]';
cam_angle    = 90;
