cam_pos      = [2.1989, 1.27674, 1.10127]';
cam_dir      = [-0.29745, 0.268137, 0.916311]';
cam_up       = [0.142004, 0.961502, -0.235264]';
cam_lookat   = [0, 0, 1]';
cam_sky      = [0, 1, 0]';
cam_right    = [1.25568, -0.0799869, 0.43102]';
cam_fpoint   = [0, 0, 1]';
cam_angle    = 90;
