cam_pos      = [2.06664, 1.19015, 0.180162]';
cam_dir      = [0.348278, 0.341029, 0.873156]';
cam_up       = [0.00945109, 0.93015, -0.367059]';
cam_lookat   = [0, 0, 1]';
cam_sky      = [0, 1, 0]';
cam_right    = [1.24667, -0.181001, -0.426567]';
cam_fpoint   = [0, 0, 1]';
cam_angle    = 90;
