cam_pos      = [0.209495, 1.29753, 0.991359]';
cam_dir      = [-0.335173, 0.0926451, -0.93759]';
cam_up       = [0.0121426, 0.995496, 0.094026]';
cam_lookat   = [0, 0, 1]';
cam_sky      = [0, 1, 0]';
cam_right    = [-1.25296, -0.0267732, 0.445268]';
cam_fpoint   = [0, 0, 1]';
cam_angle    = 90;
