cam_pos      = [0.374298, 1.37647, 1.50076]';
cam_dir      = [-0.60639, 0.166996, -0.777434]';
cam_up       = [0.0950982, 0.985912, 0.137602]';
cam_lookat   = [0, 0, 1]';
cam_sky      = [0, 1, 0]';
cam_right    = [-1.04998, -0.0126459, 0.816258]';
cam_fpoint   = [0, 0, 1]';
cam_angle    = 90;
