cam_pos      = [2.21027, 1.28218, 1.14431]';
cam_dir      = [-0.344374, 0.275369, 0.89754]';
cam_up       = [0.15015, 0.959866, -0.23688]';
cam_lookat   = [0, 0, 1]';
cam_sky      = [0, 1, 0]';
cam_right    = [1.23257, -0.070743, 0.494626]';
cam_fpoint   = [0, 0, 1]';
cam_angle    = 90;
