cam_pos      = [1.0926, 0.941193, -1.38659]';
cam_dir      = [0.787996, 0.108978, -0.605958]';
cam_up       = [-0.226709, 0.966416, -0.121011]';
cam_lookat   = [0, 0, 1]';
cam_sky      = [0, 1, 0]';
cam_right    = [-0.761319, -0.309535, -1.0457]';
cam_fpoint   = [0, 0, 1]';
cam_angle    = 90;
