cam_pos      = [0.188923, 1.20155, 0.561611]';
cam_dir      = [-0.411364, 0.00675979, -0.911446]';
cam_up       = [0.0244488, 0.999695, -0.00362022]';
cam_lookat   = [0, 0, 1]';
cam_sky      = [0, 1, 0]';
cam_right    = [-1.21182, 0.0316181, 0.547167]';
cam_fpoint   = [0, 0, 1]';
cam_angle    = 90;
