cam_pos      = [1.73642, 1.0554, -0.912119]';
cam_dir      = [0.702862, 0.301815, 0.644122]';
cam_up       = [-0.0920252, 0.936494, -0.338393]';
cam_lookat   = [0, 0, 1]';
cam_sky      = [0, 1, 0]';
cam_right    = [0.938113, -0.237495, -0.912381]';
cam_fpoint   = [0, 0, 1]';
cam_angle    = 90;
