cam_pos      = [1.11752, 1.44526, 1.92009]';
cam_dir      = [-0.963979, 0.24009, -0.114458]';
cam_up       = [0.245344, 0.968837, -0.0340629]';
cam_lookat   = [0, 0, 1]';
cam_sky      = [0, 1, 0]';
cam_right    = [-0.136608, 0.0810203, 1.32048]';
cam_fpoint   = [0, 0, 1]';
cam_angle    = 90;
