cam_pos      = [1.85558, 1.07767, -0.678859]';
cam_dir      = [0.640746, 0.305218, 0.704476]';
cam_up       = [-0.0783926, 0.938795, -0.335437]';
cam_lookat   = [0, 0, 1]';
cam_sky      = [0, 1, 0]';
cam_right    = [1.01577, -0.212406, -0.831856]';
cam_fpoint   = [0, 0, 1]';
cam_angle    = 90;
