cam_pos      = [0.223555, 1.05102, -0.396304]';
cam_dir      = [-0.350175, 0.00486549, -0.936672]';
cam_up       = [0.0128426, 0.999917, 0.000392806]';
cam_lookat   = [0, 0, 1]';
cam_sky      = [0, 1, 0]';
cam_right    = [-1.24567, 0.0158161, 0.465778]';
cam_fpoint   = [0, 0, 1]';
cam_angle    = 90;
