cam_pos      = [0.219717, 1.21056, 0.643511]';
cam_dir      = [-0.435397, 0.0181362, -0.900056]';
cam_up       = [0.029502, 0.999547, 0.00586953]';
cam_lookat   = [0, 0, 1]';
cam_sky      = [0, 1, 0]';
cam_right    = [-1.19667, 0.0319172, 0.579528]';
cam_fpoint   = [0, 0, 1]';
cam_angle    = 90;
