cam_pos      = [0.220176, 1.30959, 1.02685]';
cam_dir      = [-0.356538, 0.0991739, -0.929002]';
cam_up       = [0.0182376, 0.994899, 0.0992093]';
cam_lookat   = [0, 0, 1]';
cam_sky      = [0, 1, 0]';
cam_right    = [-1.24236, -0.0245107, 0.474182]';
cam_fpoint   = [0, 0, 1]';
cam_angle    = 90;
