cam_pos      = [2.00667, 1.14293, -0.200982]';
cam_dir      = [0.427162, 0.336104, 0.839385]';
cam_up       = [-0.0159112, 0.930993, -0.364689]';
cam_lookat   = [0, 0, 1]';
cam_sky      = [0, 1, 0]';
cam_right    = [1.20237, -0.189427, -0.536034]';
cam_fpoint   = [0, 0, 1]';
cam_angle    = 90;
