cam_pos      = [1.62021, 1.04248, -1.05431]';
cam_dir      = [0.807624, 0.283129, 0.517283]';
cam_up       = [-0.125101, 0.939494, -0.318904]';
cam_lookat   = [0, 0, 1]';
cam_sky      = [0, 1, 0]';
cam_right    = [0.766446, -0.25648, -1.05626]';
cam_fpoint   = [0, 0, 1]';
cam_angle    = 90;
