cam_pos      = [1.12025, 1.3138, 0.941411]';
cam_dir      = [-0.0826845, -0.000209911, -0.996576]';
cam_up       = [0.0191407, 0.999815, -0.00179867]';
cam_lookat   = [0, 0, 1]';
cam_sky      = [0, 1, 0]';
cam_right    = [-1.3252, 0.0255678, 0.109945]';
cam_fpoint   = [0, 0, 1]';
cam_angle    = 90;
