cam_pos      = [1.22726, 0.967855, -1.46641]';
cam_dir      = [0.909431, 0.26109, -0.323677]';
cam_up       = [-0.307791, 0.946001, -0.101716]';
cam_lookat   = [0, 0, 1]';
cam_sky      = [0, 1, 0]';
cam_right    = [-0.371924, -0.255532, -1.25111]';
cam_fpoint   = [0, 0, 1]';
cam_angle    = 90;
