cam_pos      = [1.06658, 0.939411, -1.37439]';
cam_dir      = [0.771802, 0.10021, -0.627917]';
cam_up       = [-0.225185, 0.966581, -0.122528]';
cam_lookat   = [0, 0, 1]';
cam_sky      = [0, 1, 0]';
cam_right    = [-0.79089, -0.313833, -1.0222]';
cam_fpoint   = [0, 0, 1]';
cam_angle    = 90;
