cam_pos      = [1.69536, 1.38762, 1.81564]';
cam_dir      = [-0.876768, 0.274902, 0.394597]';
cam_up       = [0.236939, 0.960944, -0.142994]';
cam_lookat   = [0, 0, 1]';
cam_sky      = [0, 1, 0]';
cam_right    = [0.556598, 0.042396, 1.20719]';
cam_fpoint   = [0, 0, 1]';
cam_angle    = 90;
