cam_pos      = [1.78099, 1.38678, 1.77499]';
cam_dir      = [-0.843717, 0.28303, 0.456109]';
cam_up       = [0.234927, 0.958699, -0.160331]';
cam_lookat   = [0, 0, 1]';
cam_sky      = [0, 1, 0]';
cam_right    = [0.641925, 0.0374016, 1.16423]';
cam_fpoint   = [0, 0, 1]';
cam_angle    = 90;
