cam_pos      = [2.19294, 1.19503, 0.587201]';
cam_dir      = [0.192116, 0.283139, 0.93964]';
cam_up       = [0.073356, 0.950654, -0.301456]';
cam_lookat   = [0, 0, 1]';
cam_sky      = [0, 1, 0]';
cam_right    = [1.30157, -0.168701, -0.215282]';
cam_fpoint   = [0, 0, 1]';
cam_angle    = 90;
