cam_pos      = [0.121021, 1.22217, 0.40916]';
cam_dir      = [-0.25673, 0.0258321, -0.966138]';
cam_up       = [0.0122955, 0.999649, 0.0234609]';
cam_lookat   = [0, 0, 1]';
cam_sky      = [0, 1, 0]';
cam_right    = [-1.28532, 0.00778853, 0.341754]';
cam_fpoint   = [0, 0, 1]';
cam_angle    = 90;
