cam_pos      = [0.407726, 1.39187, 1.55611]';
cam_dir      = [-0.634681, 0.169004, -0.754068]';
cam_up       = [0.109894, 0.985614, 0.128404]';
cam_lookat   = [0, 0, 1]';
cam_sky      = [0, 1, 0]';
cam_right    = [-1.01734, 0.00182457, 0.856684]';
cam_fpoint   = [0, 0, 1]';
cam_angle    = 90;
