cam_pos      = [0.933976, 0.935617, -1.31186]';
cam_dir      = [0.60322, 0.0680163, -0.794669]';
cam_up       = [-0.231659, 0.968345, -0.0929673]';
cam_lookat   = [0, 0, 1]';
cam_sky      = [0, 1, 0]';
cam_right    = [-1.01504, -0.319429, -0.797843]';
cam_fpoint   = [0, 0, 1]';
cam_angle    = 90;
