cam_pos      = [1.45555, 1.40985, 1.86979]';
cam_dir      = [-0.942984, 0.260075, 0.207708]';
cam_up       = [0.242464, 0.964284, -0.106621]';
cam_lookat   = [0, 0, 1]';
cam_sky      = [0, 1, 0]';
cam_right    = [0.303265, 0.0667402, 1.29324]';
cam_fpoint   = [0, 0, 1]';
cam_angle    = 90;
