cam_pos      = [1.14464, 1.44286, 1.9207]';
cam_dir      = [-0.967259, 0.240678, -0.0805219]';
cam_up       = [0.244464, 0.968796, -0.0408818]';
cam_lookat   = [0, 0, 1]';
cam_sky      = [0, 1, 0]';
cam_right    = [-0.090666, 0.0787732, 1.32457]';
cam_fpoint   = [0, 0, 1]';
cam_angle    = 90;
