cam_pos      = [1.93995, 1.3527, 1.6529]';
cam_dir      = [-0.69189, 0.299065, 0.657152]';
cam_up       = [0.20935, 0.954176, -0.213822]';
cam_lookat   = [0, 0, 1]';
cam_sky      = [0, 1, 0]';
cam_right    = [0.91901, 0.0137876, 0.961317]';
cam_fpoint   = [0, 0, 1]';
cam_angle    = 90;
