cam_pos      = [1.6036, 1.0408, -1.07083]';
cam_dir      = [0.819184, 0.280022, 0.500525]';
cam_up       = [-0.126301, 0.939362, -0.318822]';
cam_lookat   = [0, 0, 1]';
cam_sky      = [0, 1, 0]';
cam_right    = [0.74407, -0.263283, -1.07049]';
cam_fpoint   = [0, 0, 1]';
cam_angle    = 90;
