cam_pos      = [1.99513, 1.35554, 1.56449]';
cam_dir      = [-0.633735, 0.288425, 0.717768]';
cam_up       = [0.188973, 0.957499, -0.217909]';
cam_lookat   = [0, 0, 1]';
cam_sky      = [0, 1, 0]';
cam_right    = [0.99765, 0.00326849, 0.879536]';
cam_fpoint   = [0, 0, 1]';
cam_angle    = 90;
