cam_pos      = [0.255787, 1.21836, 0.697726]';
cam_dir      = [-0.473702, 0.0239702, -0.880359]';
cam_up       = [0.0370186, 0.999288, 0.00728948]';
cam_lookat   = [0, 0, 1]';
cam_sky      = [0, 1, 0]';
cam_right    = [-1.17028, 0.0387517, 0.630755]';
cam_fpoint   = [0, 0, 1]';
cam_angle    = 90;
