cam_pos      = [0.497189, 0.970261, -1.02362]';
cam_dir      = [0.160679, 0.00983262, -0.986958]';
cam_up       = [-0.150221, 0.988545, -0.0146079]';
cam_lookat   = [0, 0, 1]';
cam_sky      = [0, 1, 0]';
cam_right    = [-1.29743, -0.20031, -0.213219]';
cam_fpoint   = [0, 0, 1]';
cam_angle    = 90;
