cam_pos      = [0.398816, 0.99135, -0.952205]';
cam_dir      = [0.116123, 0.0158674, -0.993108]';
cam_up       = [-0.146256, 0.989246, -0.00129589]';
cam_lookat   = [0, 0, 1]';
cam_sky      = [0, 1, 0]';
cam_right    = [-1.3066, -0.193379, -0.155869]';
cam_fpoint   = [0, 0, 1]';
cam_angle    = 90;
