cam_pos      = [0.1809, 1.16539, 0.278554]';
cam_dir      = [-0.458654, -0.00517578, -0.8886]';
cam_up       = [0.0307329, 0.999292, -0.0216834]';
cam_lookat   = [0, 0, 1]';
cam_sky      = [0, 1, 0]';
cam_right    = [-1.18115, 0.0495484, 0.609366]';
cam_fpoint   = [0, 0, 1]';
cam_angle    = 90;
