cam_pos      = [0.186115, 1.20074, 0.55148]';
cam_dir      = [-0.410092, 0.00761474, -0.912012]';
cam_up       = [0.0252513, 0.999677, -0.00300771]';
cam_lookat   = [0, 0, 1]';
cam_sky      = [0, 1, 0]';
cam_right    = [-1.21255, 0.0322697, 0.545501]';
cam_fpoint   = [0, 0, 1]';
cam_angle    = 90;
