cam_pos      = [0.423129, 1.26623, 0.906445]';
cam_dir      = [-0.556646, 0.0652406, -0.828184]';
cam_up       = [0.0884608, 0.995899, 0.0189954]';
cam_lookat   = [0, 0, 1]';
cam_sky      = [0, 1, 0]';
cam_right    = [-1.09862, 0.0833752, 0.744978]';
cam_fpoint   = [0, 0, 1]';
cam_angle    = 90;
