cam_pos      = [0.977618, 0.932102, -1.34098]';
cam_dir      = [0.681958, 0.071263, -0.727911]';
cam_up       = [-0.227748, 0.966451, -0.118754]';
cam_lookat   = [0, 0, 1]';
cam_sky      = [0, 1, 0]';
cam_right    = [-0.924387, -0.328199, -0.898161]';
cam_fpoint   = [0, 0, 1]';
cam_angle    = 90;
