cam_pos      = [0.168386, 1.11243, -0.0545669]';
cam_dir      = [-0.413277, -0.0065258, -0.910582]';
cam_up       = [0.022229, 0.999604, -0.0172526]';
cam_lookat   = [0, 0, 1]';
cam_sky      = [0, 1, 0]';
cam_right    = [-1.21074, 0.036404, 0.549247]';
cam_fpoint   = [0, 0, 1]';
cam_angle    = 90;
