cam_pos      = [2.19657, 1.29566, 1.19597]';
cam_dir      = [-0.392405, 0.280708, 0.875912]';
cam_up       = [0.157968, 0.958711, -0.236474]';
cam_lookat   = [0, 0, 1]';
cam_sky      = [0, 1, 0]';
cam_right    = [1.20515, -0.0606114, 0.559326]';
cam_fpoint   = [0, 0, 1]';
cam_angle    = 90;
