cam_pos      = [0.184806, 1.16472, 0.258158]';
cam_dir      = [-0.461931, -0.00656999, -0.886892]';
cam_up       = [0.0295656, 0.999303, -0.0228017]';
cam_lookat   = [0, 0, 1]';
cam_sky      = [0, 1, 0]';
cam_right    = [-1.17894, 0.0488832, 0.613682]';
cam_fpoint   = [0, 0, 1]';
cam_angle    = 90;
