cam_pos      = [1.04207, 1.31284, 0.991299]';
cam_dir      = [-0.387628, 0.0423197, -0.920844]';
cam_up       = [0.0954887, 0.995415, 0.00555096]';
cam_lookat   = [0, 0, 1]';
cam_sky      = [0, 1, 0]';
cam_right    = [-1.21942, 0.114085, 0.518556]';
cam_fpoint   = [0, 0, 1]';
cam_angle    = 90;
