cam_pos      = [2.16702, 1.22396, 0.842881]';
cam_dir      = [0.0182366, 0.262469, 0.964768]';
cam_up       = [0.103723, 0.959226, -0.262922]';
cam_lookat   = [0, 0, 1]';
cam_sky      = [0, 1, 0]';
cam_right    = [1.3226, -0.139468, 0.0129423]';
cam_fpoint   = [0, 0, 1]';
cam_angle    = 90;
