cam_pos      = [0.905534, 1.43918, 1.87867]';
cam_dir      = [-0.93598, 0.231382, -0.265336]';
cam_up       = [0.234816, 0.971851, 0.0191665]';
cam_lookat   = [0, 0, 1]';
cam_sky      = [0, 1, 0]';
cam_right    = [-0.348862, 0.0590065, 1.28207]';
cam_fpoint   = [0, 0, 1]';
cam_angle    = 90;
