cam_pos      = [0.993627, 0.932377, -1.34902]';
cam_dir      = [0.703489, 0.0750617, -0.706731]';
cam_up       = [-0.225315, 0.966666, -0.121612]';
cam_lookat   = [0, 0, 1]';
cam_sky      = [0, 1, 0]';
cam_right    = [-0.89648, -0.325571, -0.926946]';
cam_fpoint   = [0, 0, 1]';
cam_angle    = 90;
