cam_pos      = [1.80479, 1.38424, 1.76417]';
cam_dir      = [-0.832663, 0.282498, 0.476306]';
cam_up       = [0.231794, 0.958922, -0.163524]';
cam_lookat   = [0, 0, 1]';
cam_sky      = [0, 1, 0]';
cam_right    = [0.668905, 0.0342552, 1.14904]';
cam_fpoint   = [0, 0, 1]';
cam_angle    = 90;
