cam_pos      = [1.99834, 1.34683, 1.54794]';
cam_dir      = [-0.622095, 0.289922, 0.727285]';
cam_up       = [0.188026, 0.95705, -0.220683]';
cam_lookat   = [0, 0, 1]';
cam_sky      = [0, 1, 0]';
cam_right    = [1.01084, 0.000714899, 0.864352]';
cam_fpoint   = [0, 0, 1]';
cam_angle    = 90;
