cam_pos      = [0.43499, 1.408, 1.60073]';
cam_dir      = [-0.654153, 0.186679, -0.732963]';
cam_up       = [0.13117, 0.982379, 0.133137]';
cam_lookat   = [0, 0, 1]';
cam_sky      = [0, 1, 0]';
cam_right    = [-0.990718, 0.0120378, 0.88726]';
cam_fpoint   = [0, 0, 1]';
cam_angle    = 90;
