cam_pos      = [0.91579, 1.44157, 1.88263]';
cam_dir      = [-0.937498, 0.230859, -0.260387]';
cam_up       = [0.234738, 0.971918, 0.0165508]';
cam_lookat   = [0, 0, 1]';
cam_sky      = [0, 1, 0]';
cam_right    = [-0.341672, 0.0606565, 1.28393]';
cam_fpoint   = [0, 0, 1]';
cam_angle    = 90;
