cam_pos      = [0.529045, 1.42774, 1.69557]';
cam_dir      = [-0.760885, 0.20439, -0.615856]';
cam_up       = [0.170625, 0.978718, 0.11401]';
cam_lookat   = [0, 0, 1]';
cam_sky      = [0, 1, 0]';
cam_right    = [-0.832649, 0.0243812, 1.03682]';
cam_fpoint   = [0, 0, 1]';
cam_angle    = 90;
