cam_pos      = [2.0967, 1.20182, 0.364126]';
cam_dir      = [0.279081, 0.346764, 0.895471]';
cam_up       = [0.0246531, 0.929628, -0.367674]';
cam_lookat   = [0, 0, 1]';
cam_sky      = [0, 1, 0]';
cam_right    = [1.27673, -0.165834, -0.333688]';
cam_fpoint   = [0, 0, 1]';
cam_angle    = 90;
