cam_pos      = [0.312805, 1.34298, 1.31007]';
cam_dir      = [-0.485093, 0.135963, -0.863828]';
cam_up       = [0.0515618, 0.990567, 0.126956]';
cam_lookat   = [0, 0, 1]';
cam_sky      = [0, 1, 0]';
cam_right    = [-1.16101, -0.0226697, 0.648412]';
cam_fpoint   = [0, 0, 1]';
cam_angle    = 90;
