cam_pos      = [0.121032, 1.22019, 0.416984]';
cam_dir      = [-0.255058, 0.0255614, -0.966588]';
cam_up       = [0.0132421, 0.999649, 0.0229415]';
cam_lookat   = [0, 0, 1]';
cam_sky      = [0, 1, 0]';
cam_right    = [-1.28589, 0.00924117, 0.339558]';
cam_fpoint   = [0, 0, 1]';
cam_angle    = 90;
