cam_pos      = [2.20071, 1.2912, 1.18047]';
cam_dir      = [-0.379339, 0.276787, 0.882888]';
cam_up       = [0.154622, 0.959753, -0.23445]';
cam_lookat   = [0, 0, 1]';
cam_sky      = [0, 1, 0]';
cam_right    = [1.21329, -0.0632787, 0.541136]';
cam_fpoint   = [0, 0, 1]';
cam_angle    = 90;
