cam_pos      = [0.276983, 1.22303, 0.732249]';
cam_dir      = [-0.489206, 0.0260252, -0.87178]';
cam_up       = [0.0426094, 0.999074, 0.00591478]';
cam_lookat   = [0, 0, 1]';
cam_sky      = [0, 1, 0]';
cam_right    = [-1.1586, 0.0455558, 0.651516]';
cam_fpoint   = [0, 0, 1]';
cam_angle    = 90;
