cam_pos      = [1.08031, 1.31077, 0.965773]';
cam_dir      = [-0.277706, 0.0183733, -0.96049]';
cam_up       = [0.0627213, 0.998031, 0.000956828]';
cam_lookat   = [0, 0, 1]';
cam_sky      = [0, 1, 0]';
cam_right    = [-1.27496, 0.0797701, 0.370155]';
cam_fpoint   = [0, 0, 1]';
cam_angle    = 90;
