cam_pos      = [1.63699, 1.3954, 1.83411]';
cam_dir      = [-0.897, 0.267461, 0.351931]';
cam_up       = [0.23452, 0.962833, -0.133991]';
cam_lookat   = [0, 0, 1]';
cam_sky      = [0, 1, 0]';
cam_right    = [0.498335, 0.0500808, 1.23209]';
cam_fpoint   = [0, 0, 1]';
cam_angle    = 90;
