cam_pos      = [1.84668, 1.07591, -0.702811]';
cam_dir      = [0.643585, 0.306975, 0.701117]';
cam_up       = [-0.0783732, 0.93766, -0.338601]';
cam_lookat   = [0, 0, 1]';
cam_sky      = [0, 1, 0]';
cam_right    = [1.0126, -0.21675, -0.834606]';
cam_fpoint   = [0, 0, 1]';
cam_angle    = 90;
