cam_pos      = [0.335329, 1.35401, 1.40308]';
cam_dir      = [-0.543422, 0.145935, -0.826677]';
cam_up       = [0.0717197, 0.989244, 0.127488]';
cam_lookat   = [0, 0, 1]';
cam_sky      = [0, 1, 0]';
cam_right    = [-1.1124, -0.0132874, 0.728897]';
cam_fpoint   = [0, 0, 1]';
cam_angle    = 90;
