cam_pos      = [1.20925, 0.961176, -1.4164]';
cam_dir      = [0.84636, 0.161319, -0.507594]';
cam_up       = [-0.234894, 0.968394, -0.083894]';
cam_lookat   = [0, 0, 1]';
cam_sky      = [0, 1, 0]';
cam_right    = [-0.635763, -0.253013, -1.14048]';
cam_fpoint   = [0, 0, 1]';
cam_angle    = 90;
