cam_pos      = [1.23521, 0.964096, -1.50952]';
cam_dir      = [0.955503, 0.274719, -0.107445]';
cam_up       = [-0.289957, 0.941654, -0.170918]';
cam_lookat   = [0, 0, 1]';
cam_sky      = [0, 1, 0]';
cam_right    = [-0.0721143, -0.258641, -1.30261]';
cam_fpoint   = [0, 0, 1]';
cam_angle    = 90;
