cam_pos      = [0.181507, 1.16773, 0.290624]';
cam_dir      = [-0.456968, -0.00705249, -0.889455]';
cam_up       = [0.0299062, 0.999281, -0.023288]';
cam_lookat   = [0, 0, 1]';
cam_sky      = [0, 1, 0]';
cam_right    = [-1.18234, 0.049532, 0.607051]';
cam_fpoint   = [0, 0, 1]';
cam_angle    = 90;
