cam_pos      = [0.309991, 1.00586, -0.832626]';
cam_dir      = [-0.0356891, 0.0230609, -0.999097]';
cam_up       = [-0.0969829, 0.994935, 0.0264292]';
cam_lookat   = [0, 0, 1]';
cam_sky      = [0, 1, 0]';
cam_right    = [-1.32288, -0.130125, 0.0442515]';
cam_fpoint   = [0, 0, 1]';
cam_angle    = 90;
