cam_pos      = [0.758764, 1.43861, 1.81654]';
cam_dir      = [-0.894154, 0.224761, -0.38726]';
cam_up       = [0.22744, 0.972988, 0.0395693]';
cam_lookat   = [0, 0, 1]';
cam_sky      = [0, 1, 0]';
cam_right    = [-0.512972, 0.0700877, 1.22509]';
cam_fpoint   = [0, 0, 1]';
cam_angle    = 90;
