cam_pos      = [1.15194, 1.30544, 0.907468]';
cam_dir      = [-0.0137584, 0.00107277, -0.999905]';
cam_up       = [0.00482883, 0.999988, 0.00100642]';
cam_lookat   = [0, 0, 1]';
cam_sky      = [0, 1, 0]';
cam_right    = [-1.32986, 0.00640331, 0.0183053]';
cam_fpoint   = [0, 0, 1]';
cam_angle    = 90;
