cam_pos      = [0.882289, 1.29266, 1.03149]';
cam_dir      = [-0.509402, 0.0525265, -0.858924]';
cam_up       = [0.0941329, 0.995547, 0.00505415]';
cam_lookat   = [0, 0, 1]';
cam_sky      = [0, 1, 0]';
cam_right    = [-1.13764, 0.10411, 0.681064]';
cam_fpoint   = [0, 0, 1]';
cam_angle    = 90;
