cam_pos      = [0.638092, 1.43862, 1.75514]';
cam_dir      = [-0.840426, 0.222205, -0.494277]';
cam_up       = [0.210187, 0.974331, 0.0806316]';
cam_lookat   = [0, 0, 1]';
cam_sky      = [0, 1, 0]';
cam_right    = [-0.664343, 0.0480472, 1.15119]';
cam_fpoint   = [0, 0, 1]';
cam_angle    = 90;
