cam_pos      = [1.40449, 0.99116, -1.36221]';
cam_dir      = [0.954838, 0.230876, 0.187033]';
cam_up       = [-0.178295, 0.948752, -0.260924]';
cam_lookat   = [0, 0, 1]';
cam_sky      = [0, 1, 0]';
cam_right    = [0.316126, -0.287005, -1.2596]';
cam_fpoint   = [0, 0, 1]';
cam_angle    = 90;
