cam_pos      = [0.986657, 1.44694, 1.89637]';
cam_dir      = [-0.949015, 0.231773, -0.213664]';
cam_up       = [0.23778, 0.971316, -0.00248948]';
cam_lookat   = [0, 0, 1]';
cam_sky      = [0, 1, 0]';
cam_right    = [-0.275254, 0.0707128, 1.29928]';
cam_fpoint   = [0, 0, 1]';
cam_angle    = 90;
