cam_pos      = [1.11833, 0.943683, -1.39463]';
cam_dir      = [0.80429, 0.109133, -0.58413]';
cam_up       = [-0.21807, 0.968615, -0.119294]';
cam_lookat   = [0, 0, 1]';
cam_sky      = [0, 1, 0]';
cam_right    = [-0.735195, -0.297026, -1.06779]';
cam_fpoint   = [0, 0, 1]';
cam_angle    = 90;
