cam_pos      = [0.344421, 1.36383, 1.4401]';
cam_dir      = [-0.56511, 0.155999, -0.810133]';
cam_up       = [0.084967, 0.987744, 0.130931]';
cam_lookat   = [0, 0, 1]';
cam_sky      = [0, 1, 0]';
cam_right    = [-1.09144, -0.00685704, 0.760014]';
cam_fpoint   = [0, 0, 1]';
cam_angle    = 90;
