cam_pos      = [0.275923, 1.32869, 1.1936]';
cam_dir      = [-0.441466, 0.110756, -0.890416]';
cam_up       = [0.0305563, 0.993633, 0.108445]';
cam_lookat   = [0, 0, 1]';
cam_sky      = [0, 1, 0]';
cam_right    = [-1.19269, -0.027487, 0.587912]';
cam_fpoint   = [0, 0, 1]';
cam_angle    = 90;
