cam_pos      = [0.263184, 1.04582, -0.506195]';
cam_dir      = [-0.329209, 0.0214212, -0.944014]';
cam_up       = [-0.00470747, 0.999693, 0.0243263]';
cam_lookat   = [0, 0, 1]';
cam_sky      = [0, 1, 0]';
cam_right    = [-1.25585, -0.0165617, 0.437579]';
cam_fpoint   = [0, 0, 1]';
cam_angle    = 90;
