cam_pos      = [1.15483, 1.30113, 0.908339]';
cam_dir      = [-0.0191446, -0.00192283, -0.999815]';
cam_up       = [-0.000168065, 0.999998, -0.00191996]';
cam_lookat   = [0, 0, 1]';
cam_sky      = [0, 1, 0]';
cam_right    = [-1.32976, -0.000174598, 0.0254627]';
cam_fpoint   = [0, 0, 1]';
cam_angle    = 90;
