cam_pos      = [1.03399, 1.44458, 1.90614]';
cam_dir      = [-0.953601, 0.236335, -0.186524]';
cam_up       = [0.243809, 0.969659, -0.0178658]';
cam_lookat   = [0, 0, 1]';
cam_sky      = [0, 1, 0]';
cam_right    = [-0.234934, 0.0831422, 1.30644]';
cam_fpoint   = [0, 0, 1]';
cam_angle    = 90;
