cam_pos      = [0.298883, 1.22914, 0.760381]';
cam_dir      = [-0.498327, 0.0330721, -0.866358]';
cam_up       = [0.0475739, 0.99881, 0.0107638]';
cam_lookat   = [0, 0, 1]';
cam_sky      = [0, 1, 0]';
cam_right    = [-1.15136, 0.0476833, 0.664078]';
cam_fpoint   = [0, 0, 1]';
cam_angle    = 90;
