cam_pos      = [1.73308, 1.39212, 1.79495]';
cam_dir      = [-0.863449, 0.275768, 0.422384]';
cam_up       = [0.231597, 0.96059, -0.153718]';
cam_lookat   = [0, 0, 1]';
cam_sky      = [0, 1, 0]';
cam_right    = [0.59601, 0.0464231, 1.18807]';
cam_fpoint   = [0, 0, 1]';
cam_angle    = 90;
