cam_pos      = [0.646683, 1.29864, 1.03451]';
cam_dir      = [-0.557013, 0.0792797, -0.826711]';
cam_up       = [0.109926, 0.993713, 0.0212298]';
cam_lookat   = [0, 0, 1]';
cam_sky      = [0, 1, 0]';
cam_right    = [-1.09485, 0.105139, 0.747761]';
cam_fpoint   = [0, 0, 1]';
cam_angle    = 90;
