cam_pos      = [1.82694, 1.07396, -0.748963]';
cam_dir      = [0.647036, 0.302089, 0.700062]';
cam_up       = [-0.0736159, 0.938625, -0.336993]';
cam_lookat   = [0, 0, 1]';
cam_sky      = [0, 1, 0]';
cam_right    = [1.00933, -0.22146, -0.837319]';
cam_fpoint   = [0, 0, 1]';
cam_angle    = 90;
