cam_pos      = [0.902895, 0.941663, -1.28325]';
cam_dir      = [0.549427, 0.0616865, -0.833261]';
cam_up       = [-0.218173, 0.973265, -0.0718058]';
cam_lookat   = [0, 0, 1]';
cam_sky      = [0, 1, 0]';
cam_right    = [-1.07272, -0.294259, -0.729102]';
cam_fpoint   = [0, 0, 1]';
cam_angle    = 90;
