cam_pos      = [0.443103, 1.26881, 0.921863]';
cam_dir      = [-0.558712, 0.0680755, -0.826563]';
cam_up       = [0.0954575, 0.995281, 0.0174469]';
cam_lookat   = [0, 0, 1]';
cam_sky      = [0, 1, 0]';
cam_right    = [-1.09572, 0.0919746, 0.748223]';
cam_fpoint   = [0, 0, 1]';
cam_angle    = 90;
