cam_pos      = [1.07289, 1.31618, 0.97163]';
cam_dir      = [-0.320972, 0.0294083, -0.946632]';
cam_up       = [0.0741114, 0.997233, 0.00585149]';
cam_lookat   = [0, 0, 1]';
cam_sky      = [0, 1, 0]';
cam_right    = [-1.25576, 0.0908099, 0.42861]';
cam_fpoint   = [0, 0, 1]';
cam_angle    = 90;
