cam_pos      = [2.17735, 1.25414, 1.02405]';
cam_dir      = [-0.209379, 0.27122, 0.939468]';
cam_up       = [0.123707, 0.960391, -0.24969]';
cam_lookat   = [0, 0, 1]';
cam_sky      = [0, 1, 0]';
cam_right    = [1.29007, -0.0850387, 0.312069]';
cam_fpoint   = [0, 0, 1]';
cam_angle    = 90;
