cam_pos      = [0.0917446, 1.21465, 0.322463]';
cam_dir      = [-0.265633, 0.030648, -0.963587]';
cam_up       = [0.0269403, 0.99934, 0.0243585]';
cam_lookat   = [0, 0, 1]';
cam_sky      = [0, 1, 0]';
cam_right    = [-1.28172, 0.0259202, 0.354156]';
cam_fpoint   = [0, 0, 1]';
cam_angle    = 90;
