cam_pos      = [1.22666, 0.96984, -1.42369]';
cam_dir      = [0.861088, 0.197196, -0.468659]';
cam_up       = [-0.258257, 0.963605, -0.0690541]';
cam_lookat   = [0, 0, 1]';
cam_sky      = [0, 1, 0]';
cam_right    = [-0.58252, -0.24006, -1.1713]';
cam_fpoint   = [0, 0, 1]';
cam_angle    = 90;
