cam_pos      = [0.272989, 1.32853, 1.1849]';
cam_dir      = [-0.436861, 0.109638, -0.892822]';
cam_up       = [0.0307012, 0.993783, 0.107014]';
cam_lookat   = [0, 0, 1]';
cam_sky      = [0, 1, 0]';
cam_right    = [-1.19568, -0.0257215, 0.58189]';
cam_fpoint   = [0, 0, 1]';
cam_angle    = 90;
