cam_pos      = [2.1887, 1.19511, 0.579147]';
cam_dir      = [0.197353, 0.281156, 0.93915]';
cam_up       = [0.0735981, 0.951039, -0.300181]';
cam_lookat   = [0, 0, 1]';
cam_sky      = [0, 1, 0]';
cam_right    = [1.30016, -0.17072, -0.222107]';
cam_fpoint   = [0, 0, 1]';
cam_angle    = 90;
