cam_pos      = [0.193523, 1.07509, -0.288264]';
cam_dir      = [-0.342062, 0.00625246, -0.939657]';
cam_up       = [0.0066262, 0.999969, 0.00424165]';
cam_lookat   = [0, 0, 1]';
cam_sky      = [0, 1, 0]';
cam_right    = [-1.24974, 0.00635135, 0.454984]';
cam_fpoint   = [0, 0, 1]';
cam_angle    = 90;
