cam_pos      = [0.184012, 1.14299, 0.109112]';
cam_dir      = [-0.439824, -0.00726151, -0.898055]';
cam_up       = [0.0288745, 0.999336, -0.0222218]';
cam_lookat   = [0, 0, 1]';
cam_sky      = [0, 1, 0]';
cam_right    = [-1.19383, 0.047487, 0.584298]';
cam_fpoint   = [0, 0, 1]';
cam_angle    = 90;
