cam_pos      = [1.39602, 1.41543, 1.8825]';
cam_dir      = [-0.951295, 0.265862, 0.15606]';
cam_up       = [0.252154, 0.962269, -0.102255]';
cam_lookat   = [0, 0, 1]';
cam_sky      = [0, 1, 0]';
cam_right    = [0.235885, 0.0770377, 1.30665]';
cam_fpoint   = [0, 0, 1]';
cam_angle    = 90;
