cam_pos      = [0.223987, 1.21148, 0.650109]';
cam_dir      = [-0.439294, 0.0194544, -0.898133]';
cam_up       = [0.0302656, 0.999518, 0.00684701]';
cam_lookat   = [0, 0, 1]';
cam_sky      = [0, 1, 0]';
cam_right    = [-1.19412, 0.0321524, 0.584762]';
cam_fpoint   = [0, 0, 1]';
cam_angle    = 90;
