cam_pos      = [1.12047, 1.31369, 0.941645]';
cam_dir      = [-0.0901157, 0.000254684, -0.995931]';
cam_up       = [0.0190116, 0.999818, -0.00146456]';
cam_lookat   = [0, 0, 1]';
cam_sky      = [0, 1, 0]';
cam_right    = [-1.32435, 0.025358, 0.119838]';
cam_fpoint   = [0, 0, 1]';
cam_angle    = 90;
