cam_pos      = [0.191074, 1.29059, 0.948159]';
cam_dir      = [-0.309714, 0.0889836, -0.946657]';
cam_up       = [0.0099026, 0.995859, 0.0903687]';
cam_lookat   = [0, 0, 1]';
cam_sky      = [0, 1, 0]';
cam_right    = [-1.26453, -0.0247568, 0.411386]';
cam_fpoint   = [0, 0, 1]';
cam_angle    = 90;
