cam_pos      = [2.1825, 1.22364, 0.74965]';
cam_dir      = [0.102414, 0.252216, 0.962236]';
cam_up       = [0.103971, 0.95931, -0.262515]';
cam_lookat   = [0, 0, 1]';
cam_sky      = [0, 1, 0]';
cam_right    = [1.31576, -0.168817, -0.0957915]';
cam_fpoint   = [0, 0, 1]';
cam_angle    = 90;
