cam_pos      = [1.54488, 1.02879, -1.13253]';
cam_dir      = [0.857121, 0.279132, 0.43293]';
cam_up       = [-0.150487, 0.939477, -0.307793]';
cam_lookat   = [0, 0, 1]';
cam_sky      = [0, 1, 0]';
cam_right    = [0.655215, -0.264224, -1.12684]';
cam_fpoint   = [0, 0, 1]';
cam_angle    = 90;
