cam_pos      = [0.101694, 1.19024, 0.0626918]';
cam_dir      = [-0.163622, 0.0479542, -0.985357]';
cam_up       = [-0.0135363, 0.998615, 0.0508471]';
cam_lookat   = [0, 0, 1]';
cam_sky      = [0, 1, 0]';
cam_right    = [-1.31195, -0.0288049, 0.216452]';
cam_fpoint   = [0, 0, 1]';
cam_angle    = 90;
