cam_pos      = [0.991773, 1.30772, 1.01086]';
cam_dir      = [-0.457022, 0.0523737, -0.887912]';
cam_up       = [0.0998416, 0.994977, 0.00729891]';
cam_lookat   = [0, 0, 1]';
cam_sky      = [0, 1, 0]';
cam_right    = [-1.1755, 0.113469, 0.61174]';
cam_fpoint   = [0, 0, 1]';
cam_angle    = 90;
