cam_pos      = [1.56855, 1.03791, -1.11068]';
cam_dir      = [0.843441, 0.27419, 0.461982]';
cam_up       = [-0.132979, 0.939741, -0.314965]';
cam_lookat   = [0, 0, 1]';
cam_sky      = [0, 1, 0]';
cam_right    = [0.69227, -0.271613, -1.10267]';
cam_fpoint   = [0, 0, 1]';
cam_angle    = 90;
