cam_pos      = [0.182181, 1.28944, 0.926788]';
cam_dir      = [-0.300318, 0.0864409, -0.949914]';
cam_up       = [0.00875025, 0.996093, 0.0878767]';
cam_lookat   = [0, 0, 1]';
cam_sky      = [0, 1, 0]';
cam_right    = [-1.26855, -0.0240451, 0.398868]';
cam_fpoint   = [0, 0, 1]';
cam_angle    = 90;
