cam_pos      = [1.14643, 1.31291, 0.913474]';
cam_dir      = [-0.0108545, 0.000241972, -0.999941]';
cam_up       = [0.00263282, 0.999997, 0.000213406]';
cam_lookat   = [0, 0, 1]';
cam_sky      = [0, 1, 0]';
cam_right    = [-1.32992, 0.00349837, 0.0144373]';
cam_fpoint   = [0, 0, 1]';
cam_angle    = 90;
