cam_pos      = [2.20032, 1.19498, 0.60608]';
cam_dir      = [0.177837, 0.277651, 0.944078]';
cam_up       = [0.0758824, 0.952645, -0.294465]';
cam_lookat   = [0, 0, 1]';
cam_sky      = [0, 1, 0]';
cam_right    = [1.3049, -0.164928, -0.197302]';
cam_fpoint   = [0, 0, 1]';
cam_angle    = 90;
