cam_pos      = [0.633686, 0.966755, -1.0834]';
cam_dir      = [0.230055, 0.00290942, -0.973173]';
cam_up       = [-0.156868, 0.98703, -0.0341322]';
cam_lookat   = [0, 0, 1]';
cam_sky      = [0, 1, 0]';
cam_right    = [-1.2774, -0.213481, -0.302611]';
cam_fpoint   = [0, 0, 1]';
cam_angle    = 90;
