cam_pos      = [1.83857, 1.37712, 1.7447]';
cam_dir      = [-0.805983, 0.285246, 0.518677]';
cam_up       = [0.224596, 0.958077, -0.177889]';
cam_lookat   = [0, 0, 1]';
cam_sky      = [0, 1, 0]';
cam_right    = [0.728408, 0.0357533, 1.11222]';
cam_fpoint   = [0, 0, 1]';
cam_angle    = 90;
