cam_pos      = [2.1911, 1.26416, 1.05885]';
cam_dir      = [-0.246985, 0.268573, 0.931057]';
cam_up       = [0.128759, 0.9614, -0.243169]';
cam_lookat   = [0, 0, 1]';
cam_sky      = [0, 1, 0]';
cam_right    = [1.27737, -0.0795642, 0.361803]';
cam_fpoint   = [0, 0, 1]';
cam_angle    = 90;
