cam_pos      = [1.66559, 1.39417, 1.82504]';
cam_dir      = [-0.887727, 0.26836, 0.374063]';
cam_up       = [0.232596, 0.962644, -0.138622]';
cam_lookat   = [0, 0, 1]';
cam_sky      = [0, 1, 0]';
cam_right    = [0.528396, 0.0479509, 1.21959]';
cam_fpoint   = [0, 0, 1]';
cam_angle    = 90;
