cam_pos      = [2.16007, 1.22733, 0.858357]';
cam_dir      = [-0.00217193, 0.262766, 0.964857]';
cam_up       = [0.10624, 0.959459, -0.261057]';
cam_lookat   = [0, 0, 1]';
cam_sky      = [0, 1, 0]';
cam_right    = [1.32247, -0.135579, 0.0399003]';
cam_fpoint   = [0, 0, 1]';
cam_angle    = 90;
