cam_pos      = [0.817206, 0.956693, -1.20374]';
cam_dir      = [0.438567, 0.0334883, -0.898074]';
cam_up       = [-0.195105, 0.97902, -0.0587711]';
cam_lookat   = [0, 0, 1]';
cam_sky      = [0, 1, 0]';
cam_right    = [-1.16676, -0.267322, -0.579746]';
cam_fpoint   = [0, 0, 1]';
cam_angle    = 90;
