cam_pos      = [0.70435, 0.963174, -1.11435]';
cam_dir      = [0.300619, 0.0118572, -0.953671]';
cam_up       = [-0.176594, 0.983325, -0.0434406]';
cam_lookat   = [0, 0, 1]';
cam_sky      = [0, 1, 0]';
cam_right    = [-1.24655, -0.241358, -0.395941]';
cam_fpoint   = [0, 0, 1]';
cam_angle    = 90;
