cam_pos      = [0.19363, 1.07285, -0.299551]';
cam_dir      = [-0.342275, 0.00665313, -0.939576]';
cam_up       = [0.00807905, 0.999959, 0.00413761]';
cam_lookat   = [0, 0, 1]';
cam_sky      = [0, 1, 0]';
cam_right    = [-1.24962, 0.00821234, 0.455279]';
cam_fpoint   = [0, 0, 1]';
cam_angle    = 90;
