cam_pos      = [0.419949, 1.39825, 1.57872]';
cam_dir      = [-0.64228, 0.174003, -0.746458]';
cam_up       = [0.117207, 0.984733, 0.128696]';
cam_lookat   = [0, 0, 1]';
cam_sky      = [0, 1, 0]';
cam_right    = [-1.00742, 0.00642522, 0.868316]';
cam_fpoint   = [0, 0, 1]';
cam_angle    = 90;
