cam_pos      = [1.14119, 1.31878, 0.927171]';
cam_dir      = [-0.0312676, -0.00627315, -0.999491]';
cam_up       = [0.010529, 0.999923, -0.00660524]';
cam_lookat   = [0, 0, 1]';
cam_sky      = [0, 1, 0]';
cam_right    = [-1.32928, 0.0142712, 0.0414948]';
cam_fpoint   = [0, 0, 1]';
cam_angle    = 90;
