cam_pos      = [0.17084, 1.1154, -0.0330178]';
cam_dir      = [-0.416763, -0.00485055, -0.909002]';
cam_up       = [0.0231234, 0.999606, -0.0159357]';
cam_lookat   = [0, 0, 1]';
cam_sky      = [0, 1, 0]';
cam_right    = [-1.2086, 0.0367886, 0.553926]';
cam_fpoint   = [0, 0, 1]';
cam_angle    = 90;
