cam_pos      = [2.12375, 1.30724, 1.35551]';
cam_dir      = [-0.473889, 0.285628, 0.832974]';
cam_up       = [0.168198, 0.957877, -0.232767]';
cam_lookat   = [0, 0, 1]';
cam_sky      = [0, 1, 0]';
cam_right    = [1.14961, -0.0396321, 0.667619]';
cam_fpoint   = [0, 0, 1]';
cam_angle    = 90;
