cam_pos      = [0.928635, 0.93738, -1.3073]';
cam_dir      = [0.593572, 0.068142, -0.801891]';
cam_up       = [-0.230427, 0.969083, -0.088216]';
cam_lookat   = [0, 0, 1]';
cam_sky      = [0, 1, 0]';
cam_right    = [-1.02555, -0.315396, -0.785926]';
cam_fpoint   = [0, 0, 1]';
cam_angle    = 90;
