cam_pos      = [1.96962, 1.12864, -0.331255]';
cam_dir      = [0.506464, 0.326749, 0.797953]';
cam_up       = [-0.0418254, 0.933639, -0.355764]';
cam_lookat   = [0, 0, 1]';
cam_sky      = [0, 1, 0]';
cam_right    = [1.14546, -0.195253, -0.647073]';
cam_fpoint   = [0, 0, 1]';
cam_angle    = 90;
