cam_pos      = [0.358647, 0.99455, -0.911608]';
cam_dir      = [0.0621036, 0.0229186, -0.997807]';
cam_up       = [-0.136635, 0.990519, 0.0142471]';
cam_lookat   = [0, 0, 1]';
cam_sky      = [0, 1, 0]';
cam_right    = [-1.31494, -0.180148, -0.0859796]';
cam_fpoint   = [0, 0, 1]';
cam_angle    = 90;
