cam_pos      = [0.180183, 1.08234, -0.24192]';
cam_dir      = [-0.34694, 0.0105534, -0.937828]';
cam_up       = [0.00429413, 0.999944, 0.00966382]';
cam_lookat   = [0, 0, 1]';
cam_sky      = [0, 1, 0]';
cam_right    = [-1.24738, 0.000896936, 0.461465]';
cam_fpoint   = [0, 0, 1]';
cam_angle    = 90;
