cam_pos      = [0.0770781, 1.20248, 0.217278]';
cam_dir      = [-0.230853, 0.0395491, -0.972185]';
cam_up       = [0.012146, 0.999213, 0.0377644]';
cam_lookat   = [0, 0, 1]';
cam_sky      = [0, 1, 0]';
cam_right    = [-1.29397, 0.00410986, 0.307432]';
cam_fpoint   = [0, 0, 1]';
cam_angle    = 90;
