cam_pos      = [0.152912, 1.21963, 0.598635]';
cam_dir      = [-0.279825, 0.0161808, -0.959915]';
cam_up       = [0.0109595, 0.999847, 0.0136591]';
cam_lookat   = [0, 0, 1]';
cam_sky      = [0, 1, 0]';
cam_right    = [-1.27678, 0.00890838, 0.372347]';
cam_fpoint   = [0, 0, 1]';
cam_angle    = 90;
