cam_pos      = [1.58212, 1.39602, 1.84573]';
cam_dir      = [-0.910778, 0.260467, 0.320375]';
cam_up       = [0.233957, 0.964892, -0.119359]';
cam_lookat   = [0, 0, 1]';
cam_sky      = [0, 1, 0]';
cam_right    = [0.452489, 0.0448953, 1.24986]';
cam_fpoint   = [0, 0, 1]';
cam_angle    = 90;
