cam_pos      = [1.89768, 1.09903, -0.531588]';
cam_dir      = [0.594665, 0.31204, 0.740949]';
cam_up       = [-0.058615, 0.935982, -0.347133]';
cam_lookat   = [0, 0, 1]';
cam_sky      = [0, 1, 0]';
cam_right    = [1.06644, -0.216786, -0.764598]';
cam_fpoint   = [0, 0, 1]';
cam_angle    = 90;
