cam_pos      = [1.09775, 1.30504, 0.957255]';
cam_dir      = [-0.234478, 0.0168419, -0.971976]';
cam_up       = [0.0512864, 0.998672, 0.00493223]';
cam_lookat   = [0, 0, 1]';
cam_sky      = [0, 1, 0]';
cam_right    = [-1.29112, 0.0647612, 0.31259]';
cam_fpoint   = [0, 0, 1]';
cam_angle    = 90;
