cam_pos      = [0.879228, 1.43776, 1.86849]';
cam_dir      = [-0.931951, 0.227143, -0.28262]';
cam_up       = [0.229534, 0.972977, 0.0250875]';
cam_lookat   = [0, 0, 1]';
cam_sky      = [0, 1, 0]';
cam_right    = [-0.373306, 0.0551824, 1.27534]';
cam_fpoint   = [0, 0, 1]';
cam_angle    = 90;
