cam_pos      = [0.36412, 0.994964, -0.915456]';
cam_dir      = [0.0693754, 0.0203305, -0.997383]';
cam_up       = [-0.138835, 0.99026, 0.0105283]';
cam_lookat   = [0, 0, 1]';
cam_sky      = [0, 1, 0]';
cam_right    = [-1.31388, -0.183196, -0.0951245]';
cam_fpoint   = [0, 0, 1]';
cam_angle    = 90;
