cam_pos      = [0.263622, 1.0455, -0.51485]';
cam_dir      = [-0.324251, 0.0240045, -0.945666]';
cam_up       = [-0.00513457, 0.999619, 0.0271345]';
cam_lookat   = [0, 0, 1]';
cam_sky      = [0, 1, 0]';
cam_right    = [-1.25812, -0.0181598, 0.430925]';
cam_fpoint   = [0, 0, 1]';
cam_angle    = 90;
