cam_pos      = [2.18368, 1.22447, 0.780383]';
cam_dir      = [0.0758232, 0.260659, 0.962449]';
cam_up       = [0.105741, 0.957683, -0.267699]';
cam_lookat   = [0, 0, 1]';
cam_sky      = [0, 1, 0]';
cam_right    = [1.31869, -0.16235, -0.0599194]';
cam_fpoint   = [0, 0, 1]';
cam_angle    = 90;
