cam_pos      = [0.151878, 1.23231, 0.682959]';
cam_dir      = [-0.281627, 0.0393188, -0.958718]';
cam_up       = [0.0107615, 0.999227, 0.0378189]';
cam_lookat   = [0, 0, 1]';
cam_sky      = [0, 1, 0]';
cam_right    = [-1.27609, -0.000443657, 0.374837]';
cam_fpoint   = [0, 0, 1]';
cam_angle    = 90;
