cam_pos      = [0.944795, 1.30135, 1.02343]';
cam_dir      = [-0.48691, 0.0512126, -0.871949]';
cam_up       = [0.101964, 0.994787, 0.00148901]';
cam_lookat   = [0, 0, 1]';
cam_sky      = [0, 1, 0]';
cam_right    = [-1.15375, 0.117283, 0.65116]';
cam_fpoint   = [0, 0, 1]';
cam_angle    = 90;
