cam_pos      = [0.675968, 0.96611, -1.09903]';
cam_dir      = [0.268357, 0.00681234, -0.963295]';
cam_up       = [-0.168058, 0.984971, -0.0398523]';
cam_lookat   = [0, 0, 1]';
cam_sky      = [0, 1, 0]';
cam_right    = [-1.26157, -0.229537, -0.353074]';
cam_fpoint   = [0, 0, 1]';
cam_angle    = 90;
