cam_pos      = [2.06897, 1.2004, 0.262213]';
cam_dir      = [0.32788, 0.346273, 0.878971]';
cam_up       = [0.0222394, 0.927317, -0.373615]';
cam_lookat   = [0, 0, 1]';
cam_sky      = [0, 1, 0]';
cam_right    = [1.25613, -0.188925, -0.394143]';
cam_fpoint   = [0, 0, 1]';
cam_angle    = 90;
