cam_pos      = [0.2272, 1.3111, 1.04324]';
cam_dir      = [-0.364241, 0.0990997, -0.926017]';
cam_up       = [0.0204364, 0.994933, 0.0984364]';
cam_lookat   = [0, 0, 1]';
cam_sky      = [0, 1, 0]';
cam_right    = [-1.23834, -0.022517, 0.48468]';
cam_fpoint   = [0, 0, 1]';
cam_angle    = 90;
