cam_pos      = [2.15512, 1.24959, 0.952484]';
cam_dir      = [-0.10135, 0.271599, 0.957059]';
cam_up       = [0.109884, 0.959183, -0.260565]';
cam_lookat   = [0, 0, 1]';
cam_sky      = [0, 1, 0]';
cam_right    = [1.31506, -0.104747, 0.168987]';
cam_fpoint   = [0, 0, 1]';
cam_angle    = 90;
