cam_pos      = [2.13925, 1.20619, 0.440245]';
cam_dir      = [0.246863, 0.333453, 0.909872]';
cam_up       = [0.044659, 0.93402, -0.354419]';
cam_lookat   = [0, 0, 1]';
cam_sky      = [0, 1, 0]';
cam_right    = [1.28747, -0.170409, -0.286858]';
cam_fpoint   = [0, 0, 1]';
cam_angle    = 90;
