cam_pos      = [0.174023, 1.0895, -0.204109]';
cam_dir      = [-0.355286, 0.00635332, -0.934736]';
cam_up       = [0.00825938, 0.999959, 0.00365731]';
cam_lookat   = [0, 0, 1]';
cam_sky      = [0, 1, 0]';
cam_right    = [-1.24318, 0.00853986, 0.472581]';
cam_fpoint   = [0, 0, 1]';
cam_angle    = 90;
