cam_pos      = [0.737314, 0.961519, -1.13577]';
cam_dir      = [0.346315, 0.0190991, -0.937924]';
cam_up       = [-0.181296, 0.982308, -0.0469382]';
cam_lookat   = [0, 0, 1]';
cam_sky      = [0, 1, 0]';
cam_right    = [-1.22418, -0.247775, -0.457056]';
cam_fpoint   = [0, 0, 1]';
cam_angle    = 90;
