cam_pos      = [0.262497, 1.04651, -0.496582]';
cam_dir      = [-0.334063, 0.0167207, -0.942402]';
cam_up       = [-0.00414339, 0.999807, 0.019208]';
cam_lookat   = [0, 0, 1]';
cam_sky      = [0, 1, 0]';
cam_right    = [-1.25358, -0.0137275, 0.444126]';
cam_fpoint   = [0, 0, 1]';
cam_angle    = 90;
