cam_pos      = [2.18747, 1.29275, 1.24442]';
cam_dir      = [-0.424182, 0.291225, 0.857472]';
cam_up       = [0.164508, 0.955905, -0.243275]';
cam_lookat   = [0, 0, 1]';
cam_sky      = [0, 1, 0]';
cam_right    = [1.18438, -0.0503643, 0.603005]';
cam_fpoint   = [0, 0, 1]';
cam_angle    = 90;
