cam_pos      = [1.19609, 1.44018, 1.9173]';
cam_dir      = [-0.971311, 0.236778, -0.0221773]';
cam_up       = [0.237627, 0.970019, -0.0509533]';
cam_lookat   = [0, 0, 1]';
cam_sky      = [0, 1, 0]';
cam_right    = [-0.0125656, 0.0728327, 1.32795]';
cam_fpoint   = [0, 0, 1]';
cam_angle    = 90;
