cam_pos      = [2.11981, 1.30731, 1.36465]';
cam_dir      = [-0.479419, 0.285687, 0.829783]';
cam_up       = [0.168651, 0.957898, -0.232355]';
cam_lookat   = [0, 0, 1]';
cam_sky      = [0, 1, 0]';
cam_right    = [1.14543, -0.0379692, 0.674863]';
cam_fpoint   = [0, 0, 1]';
cam_angle    = 90;
