cam_pos      = [0.711048, 0.962821, -1.11791]';
cam_dir      = [0.309878, 0.0130724, -0.950686]';
cam_up       = [-0.177311, 0.983158, -0.0442759]';
cam_lookat   = [0, 0, 1]';
cam_sky      = [0, 1, 0]';
cam_right    = [-1.24235, -0.242442, -0.408279]';
cam_fpoint   = [0, 0, 1]';
cam_angle    = 90;
