cam_pos      = [0.669581, 1.43725, 1.77078]';
cam_dir      = [-0.857291, 0.219027, -0.465918]';
cam_up       = [0.212396, 0.974852, 0.0674661]';
cam_lookat   = [0, 0, 1]';
cam_sky      = [0, 1, 0]';
cam_right    = [-0.623741, 0.0546909, 1.1734]';
cam_fpoint   = [0, 0, 1]';
cam_angle    = 90;
