cam_pos      = [1.75361, 1.05774, -0.884982]';
cam_dir      = [0.682216, 0.308096, 0.663067]';
cam_up       = [-0.091297, 0.93568, -0.340833]';
cam_lookat   = [0, 0, 1]';
cam_sky      = [0, 1, 0]';
cam_right    = [0.964819, -0.228741, -0.886397]';
cam_fpoint   = [0, 0, 1]';
cam_angle    = 90;
