cam_pos      = [1.87904, 1.08625, -0.597443]';
cam_dir      = [0.624625, 0.305362, 0.718747]';
cam_up       = [-0.0678465, 0.938119, -0.339601]';
cam_lookat   = [0, 0, 1]';
cam_sky      = [0, 1, 0]';
cam_right    = [1.0347, -0.217267, -0.806899]';
cam_fpoint   = [0, 0, 1]';
cam_angle    = 90;
