cam_pos      = [2.00083, 1.14067, -0.221141]';
cam_dir      = [0.443344, 0.334148, 0.83174]';
cam_up       = [-0.0244112, 0.932074, -0.361445]';
cam_lookat   = [0, 0, 1]';
cam_sky      = [0, 1, 0]';
cam_right    = [1.19171, -0.186122, -0.560443]';
cam_fpoint   = [0, 0, 1]';
cam_angle    = 90;
