cam_pos      = [1.61584, 1.39282, 1.8438]';
cam_dir      = [-0.902438, 0.265665, 0.339158]';
cam_up       = [0.235929, 0.963447, -0.126911]';
cam_lookat   = [0, 0, 1]';
cam_sky      = [0, 1, 0]';
cam_right    = [0.479434, 0.0459015, 1.23973]';
cam_fpoint   = [0, 0, 1]';
cam_angle    = 90;
