cam_pos      = [1.13683, 1.31986, 0.928839]';
cam_dir      = [-0.0387574, -0.005794, -0.999232]';
cam_up       = [0.0125399, 0.999902, -0.00628427]';
cam_lookat   = [0, 0, 1]';
cam_sky      = [0, 1, 0]';
cam_right    = [-1.3289, 0.0169892, 0.0514456]';
cam_fpoint   = [0, 0, 1]';
cam_angle    = 90;
