cam_pos      = [0.835123, 0.95502, -1.2182]';
cam_dir      = [0.455127, 0.0342549, -0.889767]';
cam_up       = [-0.198227, 0.978081, -0.0637406]';
cam_lookat   = [0, 0, 1]';
cam_sky      = [0, 1, 0]';
cam_right    = [-1.15455, -0.273163, -0.601082]';
cam_fpoint   = [0, 0, 1]';
cam_angle    = 90;
