cam_pos      = [0.286398, 1.02151, -0.70622]';
cam_dir      = [-0.201987, 0.0323596, -0.978853]';
cam_up       = [-0.0385595, 0.998416, 0.0409631]';
cam_lookat   = [0, 0, 1]';
cam_sky      = [0, 1, 0]';
cam_right    = [-1.30158, -0.0612041, 0.266557]';
cam_fpoint   = [0, 0, 1]';
cam_angle    = 90;
