cam_pos      = [0.174374, 1.17983, 0.368061]';
cam_dir      = [-0.434773, 0.00135815, -0.900539]';
cam_up       = [0.0355056, 0.999247, -0.0156348]';
cam_lookat   = [0, 0, 1]';
cam_sky      = [0, 1, 0]';
cam_right    = [-1.19679, 0.0515665, 0.577877]';
cam_fpoint   = [0, 0, 1]';
cam_angle    = 90;
