cam_pos      = [2.15772, 1.2338, 0.890931]';
cam_dir      = [-0.0421469, 0.258125, 0.965192]';
cam_up       = [0.0987304, 0.962398, -0.253067]';
cam_lookat   = [0, 0, 1]';
cam_sky      = [0, 1, 0]';
cam_right    = [1.32231, -0.112555, 0.0878424]';
cam_fpoint   = [0, 0, 1]';
cam_angle    = 90;
