cam_pos      = [2.20664, 1.1982, 0.64325]';
cam_dir      = [0.155619, 0.267849, 0.95081]';
cam_up       = [0.0827901, 0.955613, -0.282752]';
cam_lookat   = [0, 0, 1]';
cam_sky      = [0, 1, 0]';
cam_right    = [1.30917, -0.163216, -0.168293]';
cam_fpoint   = [0, 0, 1]';
cam_angle    = 90;
