cam_pos      = [1.31862, 0.982297, -1.46671]';
cam_dir      = [0.957297, 0.277384, 0.081493]';
cam_up       = [-0.253434, 0.940787, -0.225148]';
cam_lookat   = [0, 0, 1]';
cam_sky      = [0, 1, 0]';
cam_right    = [0.18503, -0.25919, -1.29131]';
cam_fpoint   = [0, 0, 1]';
cam_angle    = 90;
