cam_pos      = [1.16918, 0.949912, -1.4114]';
cam_dir      = [0.828498, 0.129753, -0.544752]';
cam_up       = [-0.220457, 0.969805, -0.104292]';
cam_lookat   = [0, 0, 1]';
cam_sky      = [0, 1, 0]';
cam_right    = [-0.684645, -0.274645, -1.10668]';
cam_fpoint   = [0, 0, 1]';
cam_angle    = 90;
