cam_pos      = [2.00967, 1.14363, -0.190636]';
cam_dir      = [0.420379, 0.338622, 0.841794]';
cam_up       = [-0.014181, 0.93009, -0.367058]';
cam_lookat   = [0, 0, 1]';
cam_sky      = [0, 1, 0]';
cam_right    = [1.20663, -0.189347, -0.526403]';
cam_fpoint   = [0, 0, 1]';
cam_angle    = 90;
