cam_pos      = [1.06613, 1.31327, 0.976651]';
cam_dir      = [-0.338962, 0.0343478, -0.940173]';
cam_up       = [0.0812807, 0.996666, 0.00710741]';
cam_lookat   = [0, 0, 1]';
cam_sky      = [0, 1, 0]';
cam_right    = [-1.24659, 0.0984317, 0.45303]';
cam_fpoint   = [0, 0, 1]';
cam_angle    = 90;
