cam_pos      = [0.151727, 1.24305, 0.715326]';
cam_dir      = [-0.283194, 0.0482936, -0.957846]';
cam_up       = [0.00858168, 0.998819, 0.0478222]';
cam_lookat   = [0, 0, 1]';
cam_sky      = [0, 1, 0]';
cam_right    = [-1.2755, -0.00707963, 0.376754]';
cam_fpoint   = [0, 0, 1]';
cam_angle    = 90;
