cam_pos      = [0.584058, 1.43085, 1.73018]';
cam_dir      = [-0.807474, 0.211753, -0.550587]';
cam_up       = [0.190006, 0.976971, 0.0970807]';
cam_lookat   = [0, 0, 1]';
cam_sky      = [0, 1, 0]';
cam_right    = [-0.742758, 0.034879, 1.10272]';
cam_fpoint   = [0, 0, 1]';
cam_angle    = 90;
