cam_pos      = [0.286455, 1.33475, 1.22596]';
cam_dir      = [-0.450753, 0.111487, -0.885659]';
cam_up       = [0.0316033, 0.993541, 0.108983]';
cam_lookat   = [0, 0, 1]';
cam_sky      = [0, 1, 0]';
cam_right    = [-1.18648, -0.0281089, 0.600315]';
cam_fpoint   = [0, 0, 1]';
cam_angle    = 90;
