cam_pos      = [2.00577, 1.33916, 1.54401]';
cam_dir      = [-0.617682, 0.293649, 0.729547]';
cam_up       = [0.190423, 0.955913, -0.223539]';
cam_lookat   = [0, 0, 1]';
cam_sky      = [0, 1, 0]';
cam_right    = [1.01482, -0.00112604, 0.859669]';
cam_fpoint   = [0, 0, 1]';
cam_angle    = 90;
