cam_pos      = [0.157855, 1.26531, 0.805155]';
cam_dir      = [-0.278667, 0.0629368, -0.958323]';
cam_up       = [0.00663299, 0.997953, 0.0636106]';
cam_lookat   = [0, 0, 1]';
cam_sky      = [0, 1, 0]';
cam_right    = [-1.27729, -0.0151216, 0.370424]';
cam_fpoint   = [0, 0, 1]';
cam_angle    = 90;
