cam_pos      = [0.576806, 1.28698, 1.00567]';
cam_dir      = [-0.573266, 0.0715405, -0.81624]';
cam_up       = [0.0965213, 0.995141, 0.0194312]';
cam_lookat   = [0, 0, 1]';
cam_sky      = [0, 1, 0]';
cam_right    = [-1.08217, 0.0899682, 0.767923]';
cam_fpoint   = [0, 0, 1]';
cam_angle    = 90;
