cam_pos      = [0.171554, 1.09278, -0.171376]';
cam_dir      = [-0.371043, 0.0021719, -0.928613]';
cam_up       = [0.0108066, 0.99994, -0.00197923]';
cam_lookat   = [0, 0, 1]';
cam_sky      = [0, 1, 0]';
cam_right    = [-1.23498, 0.0143234, 0.493489]';
cam_fpoint   = [0, 0, 1]';
cam_angle    = 90;
