cam_pos      = [1.41139, 0.995909, -1.35223]';
cam_dir      = [0.952406, 0.228796, 0.201433]';
cam_up       = [-0.172598, 0.94942, -0.262321]';
cam_lookat   = [0, 0, 1]';
cam_sky      = [0, 1, 0]';
cam_right    = [0.334178, -0.286042, -1.25515]';
cam_fpoint   = [0, 0, 1]';
cam_angle    = 90;
