cam_pos      = [0.4677, 1.41787, 1.64037]';
cam_dir      = [-0.689929, 0.19511, -0.697087]';
cam_up       = [0.151404, 0.980586, 0.12461]';
cam_lookat   = [0, 0, 1]';
cam_sky      = [0, 1, 0]';
cam_right    = [-0.941462, 0.0260278, 0.93908]';
cam_fpoint   = [0, 0, 1]';
cam_angle    = 90;
