cam_pos      = [0.355654, 1.3677, 1.46462]';
cam_dir      = [-0.58312, 0.15924, -0.796627]';
cam_up       = [0.0903723, 0.98723, 0.131189]';
cam_lookat   = [0, 0, 1]';
cam_sky      = [0, 1, 0]';
cam_right    = [-1.07377, -0.00599286, 0.784785]';
cam_fpoint   = [0, 0, 1]';
cam_angle    = 90;
