cam_pos      = [2.20007, 1.27837, 1.09502]';
cam_dir      = [-0.291204, 0.264296, 0.919428]';
cam_up       = [0.140671, 0.962463, -0.232113]';
cam_lookat   = [0, 0, 1]';
cam_sky      = [0, 1, 0]';
cam_right    = [1.25853, -0.0821203, 0.422211]';
cam_fpoint   = [0, 0, 1]';
cam_angle    = 90;
