cam_pos      = [0.168351, 1.10368, -0.108884]';
cam_dir      = [-0.393928, -0.0130715, -0.919048]';
cam_up       = [0.0185254, 0.999583, -0.0221574]';
cam_lookat   = [0, 0, 1]';
cam_sky      = [0, 1, 0]';
cam_right    = [-1.22221, 0.034253, 0.523383]';
cam_fpoint   = [0, 0, 1]';
cam_angle    = 90;
