cam_pos      = [0.348301, 1.36522, 1.44847]';
cam_dir      = [-0.571278, 0.15917, -0.805175]';
cam_up       = [0.0886281, 0.987242, 0.132279]';
cam_lookat   = [0, 0, 1]';
cam_sky      = [0, 1, 0]';
cam_right    = [-1.08522, -0.0055955, 0.768868]';
cam_fpoint   = [0, 0, 1]';
cam_angle    = 90;
