cam_pos      = [0.178257, 1.13582, 0.067099]';
cam_dir      = [-0.429188, -0.0168817, -0.903057]';
cam_up       = [0.0186137, 0.999448, -0.0275299]';
cam_lookat   = [0, 0, 1]';
cam_sky      = [0, 1, 0]';
cam_right    = [-1.20102, 0.038071, 0.570087]';
cam_fpoint   = [0, 0, 1]';
cam_angle    = 90;
