cam_pos      = [0.686634, 1.30209, 1.0452]';
cam_dir      = [-0.545398, 0.0795635, -0.834393]';
cam_up       = [0.107481, 0.993905, 0.0245192]';
cam_lookat   = [0, 0, 1]';
cam_sky      = [0, 1, 0]';
cam_right    = [-1.10557, 0.10149, 0.732331]';
cam_fpoint   = [0, 0, 1]';
cam_angle    = 90;
