cam_pos      = [2.20638, 1.20224, 0.694459]';
cam_dir      = [0.132033, 0.252378, 0.958578]';
cam_up       = [0.0938744, 0.959515, -0.265555]';
cam_lookat   = [0, 0, 1]';
cam_sky      = [0, 1, 0]';
cam_right    = [1.31243, -0.166314, -0.136985]';
cam_fpoint   = [0, 0, 1]';
cam_angle    = 90;
