cam_pos      = [2.17905, 1.21554, 0.813249]';
cam_dir      = [0.0531624, 0.266507, 0.962366]';
cam_up       = [0.104554, 0.956946, -0.270782]';
cam_lookat   = [0, 0, 1]';
cam_sky      = [0, 1, 0]';
cam_right    = [1.32082, -0.15297, -0.0306022]';
cam_fpoint   = [0, 0, 1]';
cam_angle    = 90;
