cam_pos      = [2.07015, 1.33565, 1.44885]';
cam_dir      = [-0.557974, 0.284933, 0.779409]';
cam_up       = [0.176996, 0.958457, -0.223679]';
cam_lookat   = [0, 0, 1]';
cam_sky      = [0, 1, 0]';
cam_right    = [1.07832, -0.0174832, 0.778351]';
cam_fpoint   = [0, 0, 1]';
cam_angle    = 90;
