cam_pos      = [2.18248, 1.25708, 1.0322]';
cam_dir      = [-0.219156, 0.269427, 0.937753]';
cam_up       = [0.123147, 0.96107, -0.247346]';
cam_lookat   = [0, 0, 1]';
cam_sky      = [0, 1, 0]';
cam_right    = [1.28729, -0.0814944, 0.324258]';
cam_fpoint   = [0, 0, 1]';
cam_angle    = 90;
