cam_pos      = [0.988809, 0.932275, -1.34657]';
cam_dir      = [0.696451, 0.0728131, -0.713901]';
cam_up       = [-0.225517, 0.966644, -0.121413]';
cam_lookat   = [0, 0, 1]';
cam_sky      = [0, 1, 0]';
cam_right    = [-0.90606, -0.326588, -0.917223]';
cam_fpoint   = [0, 0, 1]';
cam_angle    = 90;
