cam_pos      = [1.06265, 1.45115, 1.91544]';
cam_dir      = [-0.955725, 0.23984, -0.17049]';
cam_up       = [0.247517, 0.968562, -0.024975]';
cam_lookat   = [0, 0, 1]';
cam_sky      = [0, 1, 0]';
cam_right    = [-0.211656, 0.0878708, 1.31011]';
cam_fpoint   = [0, 0, 1]';
cam_angle    = 90;
