cam_pos      = [0.108942, 1.18294, 0.0221499]';
cam_dir      = [-0.161773, 0.0518997, -0.985462]';
cam_up       = [-0.011756, 0.998444, 0.0545132]';
cam_lookat   = [0, 0, 1]';
cam_sky      = [0, 1, 0]';
cam_right    = [-1.31239, -0.0271372, 0.214012]';
cam_fpoint   = [0, 0, 1]';
cam_angle    = 90;
