cam_pos      = [1.10214, 1.30537, 0.949678]';
cam_dir      = [-0.156091, 0.00973242, -0.987695]';
cam_up       = [0.035149, 0.999373, 0.0042927]';
cam_lookat   = [0, 0, 1]';
cam_sky      = [0, 1, 0]';
cam_right    = [-1.31287, 0.0452817, 0.207926]';
cam_fpoint   = [0, 0, 1]';
cam_angle    = 90;
