cam_pos      = [0.301244, 1.00778, -0.808148]';
cam_dir      = [-0.0753434, 0.0263048, -0.996811]';
cam_up       = [-0.0796426, 0.9963, 0.032311]';
cam_lookat   = [0, 0, 1]';
cam_sky      = [0, 1, 0]';
cam_right    = [-1.32198, -0.108825, 0.0970496]';
cam_fpoint   = [0, 0, 1]';
cam_angle    = 90;
