cam_pos      = [0.974367, 1.30085, 1.01267]';
cam_dir      = [-0.464822, 0.0540841, -0.883751]';
cam_up       = [0.105099, 0.994446, 0.00558006]';
cam_lookat   = [0, 0, 1]';
cam_sky      = [0, 1, 0]';
cam_right    = [-1.16926, 0.120083, 0.62234]';
cam_fpoint   = [0, 0, 1]';
cam_angle    = 90;
