cam_pos      = [2.1218, 1.20964, 0.40592]';
cam_dir      = [0.256858, 0.337123, 0.905744]';
cam_up       = [0.0343127, 0.933415, -0.357153]';
cam_lookat   = [0, 0, 1]';
cam_sky      = [0, 1, 0]';
cam_right    = [1.28457, -0.163345, -0.30349]';
cam_fpoint   = [0, 0, 1]';
cam_angle    = 90;
