cam_pos      = [2.1878, 1.29825, 1.23299]';
cam_dir      = [-0.417716, 0.289152, 0.861339]';
cam_up       = [0.163944, 0.956434, -0.241569]';
cam_lookat   = [0, 0, 1]';
cam_sky      = [0, 1, 0]';
cam_right    = [1.18857, -0.0536042, 0.594408]';
cam_fpoint   = [0, 0, 1]';
cam_angle    = 90;
