cam_pos      = [1.54303, 1.39638, 1.85566]';
cam_dir      = [-0.922857, 0.256127, 0.287636]';
cam_up       = [0.231933, 0.965806, -0.11587]';
cam_lookat   = [0, 0, 1]';
cam_sky      = [0, 1, 0]';
cam_right    = [0.408946, 0.0534911, 1.26444]';
cam_fpoint   = [0, 0, 1]';
cam_angle    = 90;
