cam_pos      = [1.09401, 1.30227, 0.95805]';
cam_dir      = [-0.241202, 0.0184854, -0.970299]';
cam_up       = [0.0546131, 0.998493, 0.00544652]';
cam_lookat   = [0, 0, 1]';
cam_sky      = [0, 1, 0]';
cam_right    = [-1.28869, 0.0687308, 0.321658]';
cam_fpoint   = [0, 0, 1]';
cam_angle    = 90;
