cam_pos      = [0.216449, 1.21072, 0.63719]';
cam_dir      = [-0.43147, 0.0170032, -0.901967]';
cam_up       = [0.0287666, 0.999573, 0.00508225]';
cam_lookat   = [0, 0, 1]';
cam_sky      = [0, 1, 0]';
cam_right    = [-1.19922, 0.0315924, 0.574261]';
cam_fpoint   = [0, 0, 1]';
cam_angle    = 90;
