cam_pos      = [1.69385, 1.05228, -0.971639]';
cam_dir      = [0.746942, 0.291331, 0.597665]';
cam_up       = [-0.0991401, 0.937646, -0.333152]';
cam_lookat   = [0, 0, 1]';
cam_sky      = [0, 1, 0]';
cam_right    = [0.874416, -0.252159, -0.969903]';
cam_fpoint   = [0, 0, 1]';
cam_angle    = 90;
