cam_pos      = [1.79542, 1.06725, -0.816138]';
cam_dir      = [0.652225, 0.309476, 0.691973]';
cam_up       = [-0.0788783, 0.935616, -0.344094]';
cam_lookat   = [0, 0, 1]';
cam_sky      = [0, 1, 0]';
cam_right    = [1.0027, -0.225894, -0.844075]';
cam_fpoint   = [0, 0, 1]';
cam_angle    = 90;
