cam_pos      = [0.175118, 1.1285, 0.0220555]';
cam_dir      = [-0.42628, -0.00652795, -0.904568]';
cam_up       = [0.0219079, 0.999606, -0.017538]';
cam_lookat   = [0, 0, 1]';
cam_sky      = [0, 1, 0]';
cam_right    = [-1.20275, 0.0363001, 0.566539]';
cam_fpoint   = [0, 0, 1]';
cam_angle    = 90;
