cam_pos      = [1.14568, 1.31391, 0.912112]';
cam_dir      = [-0.010554, -0.0012639, -0.999944]';
cam_up       = [0.00271605, 0.999995, -0.00129263]';
cam_lookat   = [0, 0, 1]';
cam_sky      = [0, 1, 0]';
cam_right    = [-1.32992, 0.00363029, 0.0140322]';
cam_fpoint   = [0, 0, 1]';
cam_angle    = 90;
