cam_pos      = [1.39797, 0.988396, -1.37635]';
cam_dir      = [0.95593, 0.234617, 0.176502]';
cam_up       = [-0.185511, 0.948638, -0.256264]';
cam_lookat   = [0, 0, 1]';
cam_sky      = [0, 1, 0]';
cam_right    = [0.302655, -0.282262, -1.26397]';
cam_fpoint   = [0, 0, 1]';
cam_angle    = 90;
