cam_pos      = [0.158164, 1.22166, 0.58282]';
cam_dir      = [-0.276899, 0.0221706, -0.960643]';
cam_up       = [0.0136334, 0.999724, 0.0191428]';
cam_lookat   = [0, 0, 1]';
cam_sky      = [0, 1, 0]';
cam_right    = [-1.27787, 0.010369, 0.368576]';
cam_fpoint   = [0, 0, 1]';
cam_angle    = 90;
