cam_pos      = [0.297901, 1.3386, 1.2586]';
cam_dir      = [-0.462984, 0.122038, -0.877925]';
cam_up       = [0.0404456, 0.992353, 0.116615]';
cam_lookat   = [0, 0, 1]';
cam_sky      = [0, 1, 0]';
cam_right    = [-1.17764, -0.0245819, 0.617624]';
cam_fpoint   = [0, 0, 1]';
cam_angle    = 90;
