cam_pos      = [0.368691, 1.37507, 1.49128]';
cam_dir      = [-0.601805, 0.164258, -0.781569]';
cam_up       = [0.0928854, 0.986375, 0.13578]';
cam_lookat   = [0, 0, 1]';
cam_sky      = [0, 1, 0]';
cam_right    = [-1.05499, -0.0121249, 0.809788]';
cam_fpoint   = [0, 0, 1]';
cam_angle    = 90;
