cam_pos      = [1.22561, 0.966493, -1.47662]';
cam_dir      = [0.91854, 0.2642, -0.294081]';
cam_up       = [-0.307145, 0.94527, -0.11012]';
cam_lookat   = [0, 0, 1]';
cam_sky      = [0, 1, 0]';
cam_right    = [-0.331026, -0.254662, -1.26272]';
cam_fpoint   = [0, 0, 1]';
cam_angle    = 90;
