cam_pos      = [0.178073, 1.19815, 0.476465]';
cam_dir      = [-0.418304, 0.00265679, -0.908303]';
cam_up       = [0.0212717, 0.99975, -0.00687206]';
cam_lookat   = [0, 0, 1]';
cam_sky      = [0, 1, 0]';
cam_right    = [-1.20772, 0.0295204, 0.55628]';
cam_fpoint   = [0, 0, 1]';
cam_angle    = 90;
