cam_pos      = [0.178481, 1.20023, 0.508146]';
cam_dir      = [-0.409452, 0.00394146, -0.912323]';
cam_up       = [0.0214192, 0.999757, -0.00529378]';
cam_lookat   = [0, 0, 1]';
cam_sky      = [0, 1, 0]';
cam_right    = [-1.21307, 0.0288727, 0.544551]';
cam_fpoint   = [0, 0, 1]';
cam_angle    = 90;
