cam_pos      = [1.41763, 0.996915, -1.33929]';
cam_dir      = [0.950281, 0.226515, 0.213675]';
cam_up       = [-0.166744, 0.949673, -0.265176]';
cam_lookat   = [0, 0, 1]';
cam_sky      = [0, 1, 0]';
cam_right    = [0.349774, -0.287763, -1.2505]';
cam_fpoint   = [0, 0, 1]';
cam_angle    = 90;
