cam_pos      = [1.07858, 0.941281, -1.37937]';
cam_dir      = [0.780355, 0.104693, -0.616511]';
cam_up       = [-0.225684, 0.966592, -0.12152]';
cam_lookat   = [0, 0, 1]';
cam_sky      = [0, 1, 0]';
cam_right    = [-0.775645, -0.311173, -1.03462]';
cam_fpoint   = [0, 0, 1]';
cam_angle    = 90;
