cam_pos      = [0.571401, 1.42935, 1.71988]';
cam_dir      = [-0.798794, 0.20966, -0.563888]';
cam_up       = [0.182552, 0.977587, 0.104878]';
cam_lookat   = [0, 0, 1]';
cam_sky      = [0, 1, 0]';
cam_right    = [-0.762407, 0.0254873, 1.08949]';
cam_fpoint   = [0, 0, 1]';
cam_angle    = 90;
