cam_pos      = [1.22912, 0.971913, -1.43332]';
cam_dir      = [0.879523, 0.232776, -0.415035]';
cam_up       = [-0.286063, 0.955633, -0.0702357]';
cam_lookat   = [0, 0, 1]';
cam_sky      = [0, 1, 0]';
cam_right    = [-0.505762, -0.240065, -1.20643]';
cam_fpoint   = [0, 0, 1]';
cam_angle    = 90;
