cam_pos      = [1.08203, 1.31569, 0.969232]';
cam_dir      = [-0.301047, 0.0220985, -0.953353]';
cam_up       = [0.0663845, 0.997792, 0.00216589]';
cam_lookat   = [0, 0, 1]';
cam_sky      = [0, 1, 0]';
cam_right    = [-1.26522, 0.0833056, 0.401459]';
cam_fpoint   = [0, 0, 1]';
cam_angle    = 90;
