cam_pos      = [0.365656, 1.37188, 1.48551]';
cam_dir      = [-0.597546, 0.161495, -0.785403]';
cam_up       = [0.0927652, 0.986854, 0.13234]';
cam_lookat   = [0, 0, 1]';
cam_sky      = [0, 1, 0]';
cam_right    = [-1.05928, -0.00827452, 0.804214]';
cam_fpoint   = [0, 0, 1]';
cam_angle    = 90;
