cam_pos      = [0.657015, 1.4396, 1.76395]';
cam_dir      = [-0.851593, 0.21578, -0.477732]';
cam_up       = [0.206447, 0.975752, 0.0727168]';
cam_lookat   = [0, 0, 1]';
cam_sky      = [0, 1, 0]';
cam_right    = [-0.640846, 0.0488127, 1.1644]';
cam_fpoint   = [0, 0, 1]';
cam_angle    = 90;
