cam_pos      = [1.25321, 0.972331, -1.50358]';
cam_dir      = [0.959449, 0.280341, -0.0294318]';
cam_up       = [-0.280718, 0.940791, -0.190024]';
cam_lookat   = [0, 0, 1]';
cam_sky      = [0, 1, 0]';
cam_right    = [0.0340243, -0.253471, -1.30518]';
cam_fpoint   = [0, 0, 1]';
cam_angle    = 90;
