cam_pos      = [2.147, 1.30155, 1.31636]';
cam_dir      = [-0.452688, 0.283054, 0.84555]';
cam_up       = [0.164734, 0.958502, -0.232671]';
cam_lookat   = [0, 0, 1]';
cam_sky      = [0, 1, 0]';
cam_right    = [1.16551, -0.0451712, 0.639106]';
cam_fpoint   = [0, 0, 1]';
cam_angle    = 90;
