cam_pos      = [1.81027, 1.06959, -0.783722]';
cam_dir      = [0.648079, 0.305601, 0.697568]';
cam_up       = [-0.0749437, 0.937103, -0.340913]';
cam_lookat   = [0, 0, 1]';
cam_sky      = [0, 1, 0]';
cam_right    = [1.00798, -0.224318, -0.838191]';
cam_fpoint   = [0, 0, 1]';
cam_angle    = 90;
