cam_pos      = [2.03544, 1.33341, 1.50917]';
cam_dir      = [-0.593387, 0.296552, 0.748297]';
cam_up       = [0.19074, 0.954984, -0.227208]';
cam_lookat   = [0, 0, 1]';
cam_sky      = [0, 1, 0]';
cam_right    = [1.04005, -0.0105173, 0.828908]';
cam_fpoint   = [0, 0, 1]';
cam_angle    = 90;
