cam_pos      = [1.46022, 1.00216, -1.25625]';
cam_dir      = [0.923513, 0.247166, 0.293314]';
cam_up       = [-0.16331, 0.945299, -0.282382]';
cam_lookat   = [0, 0, 1]';
cam_sky      = [0, 1, 0]';
cam_right    = [0.461596, -0.283133, -1.21477]';
cam_fpoint   = [0, 0, 1]';
cam_angle    = 90;
