cam_pos      = [2.19574, 1.26665, 1.08421]';
cam_dir      = [-0.277166, 0.267753, 0.922761]';
cam_up       = [0.136674, 0.961608, -0.237973]';
cam_lookat   = [0, 0, 1]';
cam_sky      = [0, 1, 0]';
cam_right    = [1.2649, -0.0800121, 0.40315]';
cam_fpoint   = [0, 0, 1]';
cam_angle    = 90;
