cam_pos      = [1.64796, 1.046, -1.03035]';
cam_dir      = [0.787013, 0.284634, 0.547352]';
cam_up       = [-0.114903, 0.939313, -0.323248]';
cam_lookat   = [0, 0, 1]';
cam_sky      = [0, 1, 0]';
cam_right    = [0.806169, -0.254706, -1.0267]';
cam_fpoint   = [0, 0, 1]';
cam_angle    = 90;
