cam_pos      = [1.22013, 0.966968, -1.41786]';
cam_dir      = [0.851242, 0.182644, -0.491964]';
cam_up       = [-0.249206, 0.96572, -0.0726721]';
cam_lookat   = [0, 0, 1]';
cam_sky      = [0, 1, 0]';
cam_right    = [-0.614229, -0.245334, -1.15388]';
cam_fpoint   = [0, 0, 1]';
cam_angle    = 90;
