cam_pos      = [1.20705, 0.95935, -1.41612]';
cam_dir      = [0.845144, 0.156349, -0.511162]';
cam_up       = [-0.231662, 0.968929, -0.0866589]';
cam_lookat   = [0, 0, 1]';
cam_sky      = [0, 1, 0]';
cam_right    = [-0.640701, -0.254902, -1.13729]';
cam_fpoint   = [0, 0, 1]';
cam_angle    = 90;
