cam_pos      = [1.22495, 0.965961, -1.47919]';
cam_dir      = [0.921845, 0.265339, -0.282483]';
cam_up       = [-0.306573, 0.945156, -0.112667]';
cam_lookat   = [0, 0, 1]';
cam_sky      = [0, 1, 0]';
cam_right    = [-0.315336, -0.253316, -1.267]';
cam_fpoint   = [0, 0, 1]';
cam_angle    = 90;
