cam_pos      = [2.04179, 1.33377, 1.49274]';
cam_dir      = [-0.584426, 0.292766, 0.756792]';
cam_up       = [0.18728, 0.956131, -0.225255]';
cam_lookat   = [0, 0, 1]';
cam_sky      = [0, 1, 0]';
cam_right    = [1.05009, -0.013416, 0.816111]';
cam_fpoint   = [0, 0, 1]';
cam_angle    = 90;
