cam_pos      = [1.7873, 1.38217, 1.77158]';
cam_dir      = [-0.839451, 0.284865, 0.462789]';
cam_up       = [0.236065, 0.958203, -0.161615]';
cam_lookat   = [0, 0, 1]';
cam_sky      = [0, 1, 0]';
cam_right    = [0.651015, 0.0351385, 1.15924]';
cam_fpoint   = [0, 0, 1]';
cam_angle    = 90;
