cam_pos      = [0.321388, 1.00239, -0.853962]';
cam_dir      = [-0.0107995, 0.0261956, -0.999598]';
cam_up       = [-0.10848, 0.993726, 0.0272137]';
cam_lookat   = [0, 0, 1]';
cam_sky      = [0, 1, 0]';
cam_right    = [-1.32207, -0.144611, 0.0104938]';
cam_fpoint   = [0, 0, 1]';
cam_angle    = 90;
