cam_pos      = [2.0859, 1.20034, 0.329876]';
cam_dir      = [0.294341, 0.352839, 0.888182]';
cam_up       = [0.0243163, 0.926287, -0.376034]';
cam_lookat   = [0, 0, 1]';
cam_sky      = [0, 1, 0]';
cam_right    = [1.27067, -0.175932, -0.351205]';
cam_fpoint   = [0, 0, 1]';
cam_angle    = 90;
