cam_pos      = [2.20696, 1.20111, 0.685723]';
cam_dir      = [0.134674, 0.254291, 0.957705]';
cam_up       = [0.0928687, 0.959017, -0.267699]';
cam_lookat   = [0, 0, 1]';
cam_sky      = [0, 1, 0]';
cam_right    = [1.31208, -0.166241, -0.140367]';
cam_fpoint   = [0, 0, 1]';
cam_angle    = 90;
