cam_pos      = [0.0758077, 1.20326, 0.21085]';
cam_dir      = [-0.226409, 0.0377062, -0.973302]';
cam_up       = [0.00956407, 0.999288, 0.0364881]';
cam_lookat   = [0, 0, 1]';
cam_sky      = [0, 1, 0]';
cam_right    = [-1.2954, 0.00139316, 0.30139]';
cam_fpoint   = [0, 0, 1]';
cam_angle    = 90;
