cam_pos      = [1.27795, 0.976068, -1.48648]';
cam_dir      = [0.959731, 0.280168, 0.020534]';
cam_up       = [-0.269793, 0.939622, -0.210528]';
cam_lookat   = [0, 0, 1]';
cam_sky      = [0, 1, 0]';
cam_right    = [0.104109, -0.261358, -1.2999]';
cam_fpoint   = [0, 0, 1]';
cam_angle    = 90;
