cam_pos      = [0.652387, 0.967386, -1.0874]';
cam_dir      = [0.242981, 0.00424268, -0.970022]';
cam_up       = [-0.162682, 0.986006, -0.0364377]';
cam_lookat   = [0, 0, 1]';
cam_sky      = [0, 1, 0]';
cam_right    = [-1.27187, -0.221656, -0.31956]';
cam_fpoint   = [0, 0, 1]';
cam_angle    = 90;
