cam_pos      = [0.865379, 0.948329, -1.24735]';
cam_dir      = [0.488792, 0.0456014, -0.871208]';
cam_up       = [-0.209602, 0.97552, -0.0665361]';
cam_lookat   = [0, 0, 1]';
cam_sky      = [0, 1, 0]';
cam_right    = [-1.12631, -0.286122, -0.646892]';
cam_fpoint   = [0, 0, 1]';
cam_angle    = 90;
