cam_pos      = [0.347615, 0.997394, -0.897253]';
cam_dir      = [0.0479762, 0.0242197, -0.998555]';
cam_up       = [-0.130426, 0.991299, 0.0177773]';
cam_lookat   = [0, 0, 1]';
cam_sky      = [0, 1, 0]';
cam_right    = [-1.3171, -0.172082, -0.0674544]';
cam_fpoint   = [0, 0, 1]';
cam_angle    = 90;
