cam_pos      = [1.10388, 1.30786, 0.949241]';
cam_dir      = [-0.149465, 0.00726437, -0.98874]';
cam_up       = [0.0335018, 0.999436, 0.00227858]';
cam_lookat   = [0, 0, 1]';
cam_sky      = [0, 1, 0]';
cam_right    = [-1.3143, 0.0436027, 0.199]';
cam_fpoint   = [0, 0, 1]';
cam_angle    = 90;
