cam_pos      = [0.853435, 0.951851, -1.23644]';
cam_dir      = [0.47411, 0.0440765, -0.879362]';
cam_up       = [-0.205509, 0.976699, -0.0618453]';
cam_lookat   = [0, 0, 1]';
cam_sky      = [0, 1, 0]';
cam_right    = [-1.13867, -0.279351, -0.627921]';
cam_fpoint   = [0, 0, 1]';
cam_angle    = 90;
