cam_pos      = [2.01576, 1.33847, 1.52832]';
cam_dir      = [-0.606971, 0.295324, 0.737814]';
cam_up       = [0.190531, 0.95539, -0.225671]';
cam_lookat   = [0, 0, 1]';
cam_sky      = [0, 1, 0]';
cam_right    = [1.02616, -0.00478909, 0.846095]';
cam_fpoint   = [0, 0, 1]';
cam_angle    = 90;
