cam_pos      = [0.960023, 1.30162, 1.01802]';
cam_dir      = [-0.476144, 0.050916, -0.877892]';
cam_up       = [0.102952, 0.994685, 0.00185145]';
cam_lookat   = [0, 0, 1]';
cam_sky      = [0, 1, 0]';
cam_right    = [-1.16152, 0.119034, 0.636877]';
cam_fpoint   = [0, 0, 1]';
cam_angle    = 90;
