cam_pos      = [1.03071, 0.935132, -1.36186]';
cam_dir      = [0.742926, 0.0925227, -0.662948]';
cam_up       = [-0.228259, 0.966056, -0.120971]';
cam_lookat   = [0, 0, 1]';
cam_sky      = [0, 1, 0]';
cam_right    = [-0.836905, -0.320792, -0.98264]';
cam_fpoint   = [0, 0, 1]';
cam_angle    = 90;
