cam_pos      = [0.280734, 1.02839, -0.670849]';
cam_dir      = [-0.229909, 0.0378711, -0.972475]';
cam_up       = [-0.0253833, 0.998669, 0.0448922]';
cam_lookat   = [0, 0, 1]';
cam_sky      = [0, 1, 0]';
cam_right    = [-1.29393, -0.0465577, 0.304094]';
cam_fpoint   = [0, 0, 1]';
cam_angle    = 90;
