cam_pos      = [1.22659, 0.969227, -1.42444]';
cam_dir      = [0.85937, 0.192807, -0.473612]';
cam_up       = [-0.254772, 0.96449, -0.0696423]';
cam_lookat   = [0, 0, 1]';
cam_sky      = [0, 1, 0]';
cam_right    = [-0.589678, -0.240081, -1.16771]';
cam_fpoint   = [0, 0, 1]';
cam_angle    = 90;
