cam_pos      = [2.15958, 1.23134, 0.907807]';
cam_dir      = [-0.0574626, 0.259988, 0.963901]';
cam_up       = [0.0950505, 0.962535, -0.253953]';
cam_lookat   = [0, 0, 1]';
cam_sky      = [0, 1, 0]';
cam_right    = [1.32177, -0.102445, 0.106429]';
cam_fpoint   = [0, 0, 1]';
cam_angle    = 90;
