cam_pos      = [1.3121, 1.42432, 1.89753]';
cam_dir      = [-0.964134, 0.249929, 0.0893378]';
cam_up       = [0.243053, 0.966614, -0.0811385]';
cam_lookat   = [0, 0, 1]';
cam_sky      = [0, 1, 0]';
cam_right    = [0.141823, 0.0751644, 1.32028]';
cam_fpoint   = [0, 0, 1]';
cam_angle    = 90;
