cam_pos      = [1.11083, 1.31103, 0.945542]';
cam_dir      = [-0.122649, 0.00377666, -0.992443]';
cam_up       = [0.0262645, 0.999655, 0.000558266]';
cam_lookat   = [0, 0, 1]';
cam_sky      = [0, 1, 0]';
cam_right    = [-1.3195, 0.0345767, 0.163199]';
cam_fpoint   = [0, 0, 1]';
cam_angle    = 90;
