cam_pos      = [1.86799, 1.08383, -0.633278]';
cam_dir      = [0.633517, 0.305986, 0.710654]';
cam_up       = [-0.0730545, 0.938031, -0.338763]';
cam_lookat   = [0, 0, 1]';
cam_sky      = [0, 1, 0]';
cam_right    = [1.02446, -0.216386, -0.820094]';
cam_fpoint   = [0, 0, 1]';
cam_angle    = 90;
