cam_pos      = [0.129981, 1.22229, 0.449417]';
cam_dir      = [-0.252701, 0.0308779, -0.967052]';
cam_up       = [0.0173853, 0.999474, 0.0273702]';
cam_lookat   = [0, 0, 1]';
cam_sky      = [0, 1, 0]';
cam_right    = [-1.28663, 0.0131617, 0.33663]';
cam_fpoint   = [0, 0, 1]';
cam_angle    = 90;
