cam_pos      = [1.35257, 1.41131, 1.8939]';
cam_dir      = [-0.958012, 0.260336, 0.120161]';
cam_up       = [0.249715, 0.963493, -0.096559]';
cam_lookat   = [0, 0, 1]';
cam_sky      = [0, 1, 0]';
cam_right    = [0.187413, 0.0831233, 1.3141]';
cam_fpoint   = [0, 0, 1]';
cam_angle    = 90;
