cam_pos      = [0.858897, 1.29524, 1.03752]';
cam_dir      = [-0.511421, 0.0505472, -0.857842]';
cam_up       = [0.0900504, 0.995925, 0.00499802]';
cam_lookat   = [0, 0, 1]';
cam_sky      = [0, 1, 0]';
cam_right    = [-1.13662, 0.0993417, 0.683472]';
cam_fpoint   = [0, 0, 1]';
cam_angle    = 90;
