cam_pos      = [0.478642, 1.27322, 0.945284]';
cam_dir      = [-0.564554, 0.0680164, -0.822589]';
cam_up       = [0.0897414, 0.995749, 0.0207435]';
cam_lookat   = [0, 0, 1]';
cam_sky      = [0, 1, 0]';
cam_right    = [-1.09127, 0.0826056, 0.755783]';
cam_fpoint   = [0, 0, 1]';
cam_angle    = 90;
