cam_pos      = [2.03263, 1.1501, -0.115071]';
cam_dir      = [0.38415, 0.348327, 0.855042]';
cam_up       = [-0.00220477, 0.926445, -0.376425]';
cam_lookat   = [0, 0, 1]';
cam_sky      = [0, 1, 0]';
cam_right    = [1.22795, -0.189815, -0.47436]';
cam_fpoint   = [0, 0, 1]';
cam_angle    = 90;
