cam_pos      = [0.79832, 0.960403, -1.1848]';
cam_dir      = [0.417443, 0.0284783, -0.908257]';
cam_up       = [-0.188364, 0.980511, -0.0558299]';
cam_lookat   = [0, 0, 1]';
cam_sky      = [0, 1, 0]';
cam_right    = [-1.18232, -0.258537, -0.551514]';
cam_fpoint   = [0, 0, 1]';
cam_angle    = 90;
