cam_pos      = [1.77497, 1.39132, 1.77924]';
cam_dir      = [-0.847551, 0.282485, 0.449288]';
cam_up       = [0.23415, 0.958759, -0.161103]';
cam_lookat   = [0, 0, 1]';
cam_sky      = [0, 1, 0]';
cam_right    = [0.633436, 0.0416847, 1.16873]';
cam_fpoint   = [0, 0, 1]';
cam_angle    = 90;
