cam_pos      = [1.10398, 1.3053, 0.95455]';
cam_dir      = [-0.206744, 0.0135782, -0.978301]';
cam_up       = [0.0436521, 0.999036, 0.00464101]';
cam_lookat   = [0, 0, 1]';
cam_sky      = [0, 1, 0]';
cam_right    = [-1.29997, 0.0555214, 0.275492]';
cam_fpoint   = [0, 0, 1]';
cam_angle    = 90;
