cam_pos      = [0.171341, 1.09762, -0.142956]';
cam_dir      = [-0.382292, -0.00496314, -0.924028]';
cam_up       = [0.00992264, 0.999906, -0.00947592]';
cam_lookat   = [0, 0, 1]';
cam_sky      = [0, 1, 0]';
cam_right    = [-1.2289, 0.0170126, 0.508335]';
cam_fpoint   = [0, 0, 1]';
cam_angle    = 90;
