cam_pos      = [1.0687, 1.3158, 0.974348]';
cam_dir      = [-0.33303, 0.0328548, -0.942344]';
cam_up       = [0.0787608, 0.99687, 0.00692127]';
cam_lookat   = [0, 0, 1]';
cam_sky      = [0, 1, 0]';
cam_right    = [-1.2497, 0.0956467, 0.444985]';
cam_fpoint   = [0, 0, 1]';
cam_angle    = 90;
