cam_pos      = [1.01595, 1.4451, 1.90214]';
cam_dir      = [-0.952983, 0.230055, -0.197227]';
cam_up       = [0.237256, 0.971355, -0.0133652]';
cam_lookat   = [0, 0, 1]';
cam_sky      = [0, 1, 0]';
cam_right    = [-0.250709, 0.079175, 1.30376]';
cam_fpoint   = [0, 0, 1]';
cam_angle    = 90;
