cam_pos      = [1.24841, 0.968312, -1.504]';
cam_dir      = [0.95941, 0.278583, -0.04386]';
cam_up       = [-0.281852, 0.941922, -0.182599]';
cam_lookat   = [0, 0, 1]';
cam_sky      = [0, 1, 0]';
cam_right    = [0.0127095, -0.24944, -1.30634]';
cam_fpoint   = [0, 0, 1]';
cam_angle    = 90;
