cam_pos      = [1.15284, 1.3094, 0.907285]';
cam_dir      = [-0.0180749, 0.000272683, -0.999837]';
cam_up       = [0.00267509, 0.999996, 0.000224367]';
cam_lookat   = [0, 0, 1]';
cam_sky      = [0, 1, 0]';
cam_right    = [-1.32978, 0.0035519, 0.0240405]';
cam_fpoint   = [0, 0, 1]';
cam_angle    = 90;
