cam_pos      = [0.0990019, 1.19126, 0.0805098]';
cam_dir      = [-0.167259, 0.044318, -0.984916]';
cam_up       = [-0.0151737, 0.998755, 0.0475175]';
cam_lookat   = [0, 0, 1]';
cam_sky      = [0, 1, 0]';
cam_right    = [-1.31111, -0.0304472, 0.221283]';
cam_fpoint   = [0, 0, 1]';
cam_angle    = 90;
