cam_pos      = [2.15509, 1.25103, 0.946612]';
cam_dir      = [-0.0936543, 0.269241, 0.958508]';
cam_up       = [0.108306, 0.959781, -0.259016]';
cam_lookat   = [0, 0, 1]';
cam_sky      = [0, 1, 0]';
cam_right    = [1.3163, -0.105807, 0.158334]';
cam_fpoint   = [0, 0, 1]';
cam_angle    = 90;
