cam_pos      = [1.98852, 1.1354, -0.269018]';
cam_dir      = [0.477672, 0.32587, 0.815866]';
cam_up       = [-0.0340595, 0.934834, -0.353447]';
cam_lookat   = [0, 0, 1]';
cam_sky      = [0, 1, 0]';
cam_right    = [1.16758, -0.187589, -0.608665]';
cam_fpoint   = [0, 0, 1]';
cam_angle    = 90;
