cam_pos      = [0.829874, 1.29446, 1.04144]';
cam_dir      = [-0.50978, 0.0548351, -0.858555]';
cam_up       = [0.0935857, 0.995579, 0.00801875]';
cam_lookat   = [0, 0, 1]';
cam_sky      = [0, 1, 0]';
cam_right    = [-1.13741, 0.101427, 0.681835]';
cam_fpoint   = [0, 0, 1]';
cam_angle    = 90;
