cam_pos      = [0.0803031, 1.20755, 0.256923]';
cam_dir      = [-0.256397, 0.0361684, -0.965895]';
cam_up       = [0.0206309, 0.999277, 0.0319419]';
cam_lookat   = [0, 0, 1]';
cam_sky      = [0, 1, 0]';
cam_right    = [-1.28525, 0.0156109, 0.341754]';
cam_fpoint   = [0, 0, 1]';
cam_angle    = 90;
