cam_pos      = [0.319256, 1.34367, 1.33183]';
cam_dir      = [-0.498703, 0.140156, -0.855366]';
cam_up       = [0.0554684, 0.989978, 0.129873]';
cam_lookat   = [0, 0, 1]';
cam_sky      = [0, 1, 0]';
cam_right    = [-1.15044, -0.0230387, 0.666967]';
cam_fpoint   = [0, 0, 1]';
cam_angle    = 90;
