cam_pos      = [1.22878, 0.970324, -1.42546]';
cam_dir      = [0.865098, 0.207556, -0.456647]';
cam_up       = [-0.266857, 0.96129, -0.0686227]';
cam_lookat   = [0, 0, 1]';
cam_sky      = [0, 1, 0]';
cam_right    = [-0.564887, -0.241029, -1.17971]';
cam_fpoint   = [0, 0, 1]';
cam_angle    = 90;
