cam_pos      = [1.10138, 1.3066, 0.957754]';
cam_dir      = [-0.22768, 0.0143263, -0.973631]';
cam_up       = [0.0479401, 0.998844, 0.00348668]';
cam_lookat   = [0, 0, 1]';
cam_sky      = [0, 1, 0]';
cam_right    = [-1.2935, 0.0610232, 0.303378]';
cam_fpoint   = [0, 0, 1]';
cam_angle    = 90;
