cam_pos      = [1.86583, 1.37385, 1.72041]';
cam_dir      = [-0.777937, 0.285753, 0.559606]';
cam_up       = [0.221528, 0.958151, -0.181306]';
cam_lookat   = [0, 0, 1]';
cam_sky      = [0, 1, 0]';
cam_right    = [0.782035, 0.0227117, 1.07555]';
cam_fpoint   = [0, 0, 1]';
cam_angle    = 90;
