cam_pos      = [1.42886, 0.997802, -1.3186]';
cam_dir      = [0.944744, 0.231086, 0.232504]';
cam_up       = [-0.16534, 0.94835, -0.270731]';
cam_lookat   = [0, 0, 1]';
cam_sky      = [0, 1, 0]';
cam_right    = [0.376466, -0.289049, -1.24243]';
cam_fpoint   = [0, 0, 1]';
cam_angle    = 90;
