cam_pos      = [1.72203, 1.38866, 1.80241]';
cam_dir      = [-0.865969, 0.278333, 0.415486]';
cam_up       = [0.235352, 0.959873, -0.152489]';
cam_lookat   = [0, 0, 1]';
cam_sky      = [0, 1, 0]';
cam_right    = [0.586872, 0.0455723, 1.19265]';
cam_fpoint   = [0, 0, 1]';
cam_angle    = 90;
