cam_pos      = [1.99018, 1.13772, -0.256995]';
cam_dir      = [0.470621, 0.328265, 0.818998]';
cam_up       = [-0.0318388, 0.93393, -0.356036]';
cam_lookat   = [0, 0, 1]';
cam_sky      = [0, 1, 0]';
cam_right    = [1.17274, -0.188171, -0.598471]';
cam_fpoint   = [0, 0, 1]';
cam_angle    = 90;
