cam_pos      = [1.43942, 0.996892, -1.29686]';
cam_dir      = [0.938397, 0.236111, 0.252316]';
cam_up       = [-0.163565, 0.946682, -0.277562]';
cam_lookat   = [0, 0, 1]';
cam_sky      = [0, 1, 0]';
cam_right    = [0.404849, -0.291527, -1.23289]';
cam_fpoint   = [0, 0, 1]';
cam_angle    = 90;
