cam_pos      = [1.10711, 1.31026, 0.947337]';
cam_dir      = [-0.135991, 0.00534068, -0.990696]';
cam_up       = [0.0282858, 0.999599, 0.00150593]';
cam_lookat   = [0, 0, 1]';
cam_sky      = [0, 1, 0]';
cam_right    = [-1.31711, 0.0369977, 0.180997]';
cam_fpoint   = [0, 0, 1]';
cam_angle    = 90;
