cam_pos      = [0.342114, 1.36132, 1.43276]';
cam_dir      = [-0.559825, 0.153207, -0.814324]';
cam_up       = [0.0818412, 0.988176, 0.129652]';
cam_lookat   = [0, 0, 1]';
cam_sky      = [0, 1, 0]';
cam_right    = [-1.09666, -0.0078965, 0.752441]';
cam_fpoint   = [0, 0, 1]';
cam_angle    = 90;
