cam_pos      = [2.20802, 1.19559, 0.653332]';
cam_dir      = [0.153013, 0.266904, 0.951498]';
cam_up       = [0.0837166, 0.955875, -0.281594]';
cam_lookat   = [0, 0, 1]';
cam_sky      = [0, 1, 0]';
cam_right    = [1.30961, -0.16325, -0.16481]';
cam_fpoint   = [0, 0, 1]';
cam_angle    = 90;
