cam_pos      = [0.307468, 1.23143, 0.769974]';
cam_dir      = [-0.502482, 0.0323318, -0.863983]';
cam_up       = [0.0460085, 0.998885, 0.0106221]';
cam_lookat   = [0, 0, 1]';
cam_sky      = [0, 1, 0]';
cam_right    = [-1.14827, 0.0457694, 0.669534]';
cam_fpoint   = [0, 0, 1]';
cam_angle    = 90;
