cam_pos      = [0.837201, 1.43863, 1.85445]';
cam_dir      = [-0.920989, 0.221668, -0.320379]';
cam_up       = [0.22445, 0.974062, 0.0287239]';
cam_lookat   = [0, 0, 1]';
cam_sky      = [0, 1, 0]';
cam_right    = [-0.42352, 0.0604546, 1.25932]';
cam_fpoint   = [0, 0, 1]';
cam_angle    = 90;
