cam_pos      = [0.207158, 1.20806, 0.621113]';
cam_dir      = [-0.423773, 0.0163217, -0.905621]';
cam_up       = [0.028726, 0.999577, 0.00457306]';
cam_lookat   = [0, 0, 1]';
cam_sky      = [0, 1, 0]';
cam_right    = [-1.20407, 0.0320223, 0.564002]';
cam_fpoint   = [0, 0, 1]';
cam_angle    = 90;
