cam_pos      = [0.176464, 1.08665, -0.222769]';
cam_dir      = [-0.350454, 0.0085662, -0.936541]';
cam_up       = [0.00599111, 0.999958, 0.00690439]';
cam_lookat   = [0, 0, 1]';
cam_sky      = [0, 1, 0]';
cam_right    = [-1.24563, 0.00424436, 0.466153]';
cam_fpoint   = [0, 0, 1]';
cam_angle    = 90;
