cam_pos      = [1.31368, 0.981343, -1.46804]';
cam_dir      = [0.957762, 0.278369, 0.0721253]';
cam_up       = [-0.256343, 0.94015, -0.224513]';
cam_lookat   = [0, 0, 1]';
cam_sky      = [0, 1, 0]';
cam_right    = [0.173307, -0.2614, -1.29249]';
cam_fpoint   = [0, 0, 1]';
cam_angle    = 90;
