cam_pos      = [1.20031, 0.956101, -1.41579]';
cam_dir      = [0.840657, 0.151894, -0.519831]';
cam_up       = [-0.229325, 0.9694, -0.0876013]';
cam_lookat   = [0, 0, 1]';
cam_sky      = [0, 1, 0]';
cam_right    = [-0.652522, -0.256494, -1.13019]';
cam_fpoint   = [0, 0, 1]';
cam_angle    = 90;
