cam_pos      = [1.09811, 0.942622, -1.38832]';
cam_dir      = [0.791879, 0.107823, -0.601084]';
cam_up       = [-0.224964, 0.966574, -0.122987]';
cam_lookat   = [0, 0, 1]';
cam_sky      = [0, 1, 0]';
cam_right    = [-0.755084, -0.309375, -1.05026]';
cam_fpoint   = [0, 0, 1]';
cam_angle    = 90;
