cam_pos      = [0.25977, 1.21913, 0.706495]';
cam_dir      = [-0.478208, 0.0251319, -0.877887]';
cam_up       = [0.0375744, 0.999261, 0.0081388]';
cam_lookat   = [0, 0, 1]';
cam_sky      = [0, 1, 0]';
cam_right    = [-1.167, 0.038695, 0.636803]';
cam_fpoint   = [0, 0, 1]';
cam_angle    = 90;
