cam_pos      = [0.183822, 1.20007, 0.540568]';
cam_dir      = [-0.408706, 0.00687756, -0.91264]';
cam_up       = [0.0248761, 0.999684, -0.0036067]';
cam_lookat   = [0, 0, 1]';
cam_sky      = [0, 1, 0]';
cam_right    = [-1.21339, 0.0321554, 0.543635]';
cam_fpoint   = [0, 0, 1]';
cam_angle    = 90;
