cam_pos      = [1.45742, 1.00068, -1.26419]';
cam_dir      = [0.92594, 0.246436, 0.286189]';
cam_up       = [-0.164812, 0.945477, -0.280909]';
cam_lookat   = [0, 0, 1]';
cam_sky      = [0, 1, 0]';
cam_right    = [0.451949, -0.283208, -1.21837]';
cam_fpoint   = [0, 0, 1]';
cam_angle    = 90;
