cam_pos      = [2.15657, 1.24815, 0.913767]';
cam_dir      = [-0.0698872, 0.257211, 0.963825]';
cam_up       = [0.10015, 0.963115, -0.24976]';
cam_lookat   = [0, 0, 1]';
cam_sky      = [0, 1, 0]';
cam_right    = [1.32004, -0.105166, 0.123782]';
cam_fpoint   = [0, 0, 1]';
cam_angle    = 90;
