cam_pos      = [1.07689, 1.31828, 0.969685]';
cam_dir      = [-0.30713, 0.0245491, -0.951351]';
cam_up       = [0.0692828, 0.997591, 0.00337534]';
cam_lookat   = [0, 0, 1]';
cam_sky      = [0, 1, 0]';
cam_right    = [-1.26236, 0.0862845, 0.409761]';
cam_fpoint   = [0, 0, 1]';
cam_angle    = 90;
