cam_pos      = [1.47035, 1.00897, -1.23578]';
cam_dir      = [0.917445, 0.242648, 0.315304]';
cam_up       = [-0.152711, 0.946557, -0.284095]';
cam_lookat   = [0, 0, 1]';
cam_sky      = [0, 1, 0]';
cam_right    = [0.488626, -0.282613, -1.20427]';
cam_fpoint   = [0, 0, 1]';
cam_angle    = 90;
