cam_pos      = [1.2257, 0.964619, -1.48598]';
cam_dir      = [0.92787, 0.269664, -0.257565]';
cam_up       = [-0.307093, 0.944393, -0.117538]';
cam_lookat   = [0, 0, 1]';
cam_sky      = [0, 1, 0]';
cam_right    = [-0.281358, -0.250247, -1.27558]';
cam_fpoint   = [0, 0, 1]';
cam_angle    = 90;
