cam_pos      = [0.840838, 0.954953, -1.22367]';
cam_dir      = [0.461188, 0.0379496, -0.88649]';
cam_up       = [-0.199685, 0.977895, -0.0620217]';
cam_lookat   = [0, 0, 1]';
cam_sky      = [0, 1, 0]';
cam_right    = [-1.14984, -0.273479, -0.609901]';
cam_fpoint   = [0, 0, 1]';
cam_angle    = 90;
