cam_pos      = [1.22883, 0.964613, -1.5052]';
cam_dir      = [0.950429, 0.26864, -0.156579]';
cam_up       = [-0.29212, 0.943964, -0.153613]';
cam_lookat   = [0, 0, 1]';
cam_sky      = [0, 1, 0]';
cam_right    = [-0.141696, -0.255012, -1.29761]';
cam_fpoint   = [0, 0, 1]';
cam_angle    = 90;
