cam_pos      = [2.2042, 1.19967, 0.663465]';
cam_dir      = [0.14701, 0.260139, 0.954314]';
cam_up       = [0.0877022, 0.957569, -0.274536]';
cam_lookat   = [0, 0, 1]';
cam_sky      = [0, 1, 0]';
cam_right    = [1.31037, -0.164993, -0.156883]';
cam_fpoint   = [0, 0, 1]';
cam_angle    = 90;
