cam_pos      = [0.149729, 1.22071, 0.539863]';
cam_dir      = [-0.271575, 0.023726, -0.962125]';
cam_up       = [0.00975072, 0.999713, 0.0219006]';
cam_lookat   = [0, 0, 1]';
cam_sky      = [0, 1, 0]';
cam_right    = [-1.27995, 0.00456689, 0.361398]';
cam_fpoint   = [0, 0, 1]';
cam_angle    = 90;
