cam_pos      = [2.09298, 1.32571, 1.40362]';
cam_dir      = [-0.515246, 0.277072, 0.81102]';
cam_up       = [0.169503, 0.960553, -0.220471]';
cam_lookat   = [0, 0, 1]';
cam_sky      = [0, 1, 0]';
cam_right    = [1.11735, -0.0317515, 0.720707]';
cam_fpoint   = [0, 0, 1]';
cam_angle    = 90;
