cam_pos      = [0.63993, 1.29956, 1.03153]';
cam_dir      = [-0.560336, 0.0770986, -0.824669]';
cam_up       = [0.106508, 0.994099, 0.02057]';
cam_lookat   = [0, 0, 1]';
cam_sky      = [0, 1, 0]';
cam_right    = [-1.09245, 0.101489, 0.751771]';
cam_fpoint   = [0, 0, 1]';
cam_angle    = 90;
