cam_pos      = [2.17508, 1.19691, 0.529152]';
cam_dir      = [0.223939, 0.304506, 0.925812]';
cam_up       = [0.0672602, 0.942844, -0.326377]';
cam_lookat   = [0, 0, 1]';
cam_sky      = [0, 1, 0]';
cam_right    = [1.29313, -0.180027, -0.253575]';
cam_fpoint   = [0, 0, 1]';
cam_angle    = 90;
