cam_pos      = [0.381585, 1.38009, 1.51775]';
cam_dir      = [-0.614924, 0.165532, -0.771017]';
cam_up       = [0.0950863, 0.986151, 0.135884]';
cam_lookat   = [0, 0, 1]';
cam_sky      = [0, 1, 0]';
cam_right    = [-1.04117, -0.0136259, 0.827457]';
cam_fpoint   = [0, 0, 1]';
cam_angle    = 90;
