cam_pos      = [2.06972, 1.20126, 0.271033]';
cam_dir      = [0.323588, 0.347988, 0.879884]';
cam_up       = [0.0243963, 0.926537, -0.375411]';
cam_lookat   = [0, 0, 1]';
cam_sky      = [0, 1, 0]';
cam_right    = [1.25803, -0.190116, -0.387465]';
cam_fpoint   = [0, 0, 1]';
cam_angle    = 90;
