cam_pos      = [0.603916, 1.43252, 1.73952]';
cam_dir      = [-0.819529, 0.220639, -0.528858]';
cam_up       = [0.204786, 0.974723, 0.0893131]';
cam_lookat   = [0, 0, 1]';
cam_sky      = [0, 1, 0]';
cam_right    = [-0.711812, 0.0466938, 1.12252]';
cam_fpoint   = [0, 0, 1]';
cam_angle    = 90;
