cam_pos      = [1.36382, 0.991985, -1.42371]';
cam_dir      = [0.95989, 0.242213, 0.141225]';
cam_up       = [-0.204115, 0.949002, -0.240275]';
cam_lookat   = [0, 0, 1]';
cam_sky      = [0, 1, 0]';
cam_right    = [0.255653, -0.268409, -1.2773]';
cam_fpoint   = [0, 0, 1]';
cam_angle    = 90;
