cam_pos      = [0.173394, 1.18568, 0.404352]';
cam_dir      = [-0.426261, 0.00480392, -0.904587]';
cam_up       = [0.0323898, 0.999426, -0.00995521]';
cam_lookat   = [0, 0, 1]';
cam_sky      = [0, 1, 0]';
cam_right    = [-1.20235, 0.0446121, 0.566809]';
cam_fpoint   = [0, 0, 1]';
cam_angle    = 90;
