cam_pos      = [0.086214, 1.19367, 0.131667]';
cam_dir      = [-0.186102, 0.0446894, -0.981514]';
cam_up       = [-0.00767315, 0.998868, 0.0469345]';
cam_lookat   = [0, 0, 1]';
cam_sky      = [0, 1, 0]';
cam_right    = [-1.30673, -0.0216336, 0.246779]';
cam_fpoint   = [0, 0, 1]';
cam_angle    = 90;
