cam_pos      = [0.151867, 1.22963, 0.66441]';
cam_dir      = [-0.281162, 0.0305551, -0.959174]';
cam_up       = [0.00934788, 0.999533, 0.0291006]';
cam_lookat   = [0, 0, 1]';
cam_sky      = [0, 1, 0]';
cam_right    = [-1.27629, 0.00104306, 0.37415]';
cam_fpoint   = [0, 0, 1]';
cam_angle    = 90;
