cam_pos      = [2.06078, 1.17353, 0.0585197]';
cam_dir      = [0.362842, 0.344697, 0.865754]';
cam_up       = [-0.00135712, 0.929264, -0.369414]';
cam_lookat   = [0, 0, 1]';
cam_sky      = [0, 1, 0]';
cam_right    = [1.23936, -0.176709, -0.449067]';
cam_fpoint   = [0, 0, 1]';
cam_angle    = 90;
