cam_pos      = [0.486656, 1.27654, 0.951138]';
cam_dir      = [-0.566917, 0.0651559, -0.821194]';
cam_up       = [0.0868534, 0.996039, 0.0190688]';
cam_lookat   = [0, 0, 1]';
cam_sky      = [0, 1, 0]';
cam_right    = [-1.08951, 0.0804824, 0.758539]';
cam_fpoint   = [0, 0, 1]';
cam_angle    = 90;
