cam_pos      = [2.12752, 1.30924, 1.34564]';
cam_dir      = [-0.468188, 0.283044, 0.83707]';
cam_up       = [0.166028, 0.958616, -0.231281]';
cam_lookat   = [0, 0, 1]';
cam_sky      = [0, 1, 0]';
cam_right    = [1.1543, -0.0408232, 0.659422]';
cam_fpoint   = [0, 0, 1]';
cam_angle    = 90;
