cam_pos      = [2.18451, 1.22457, 0.787957]';
cam_dir      = [0.0695494, 0.262418, 0.962445]';
cam_up       = [0.106273, 0.957342, -0.268706]';
cam_lookat   = [0, 0, 1]';
cam_sky      = [0, 1, 0]';
cam_right    = [1.31923, -0.16089, -0.0514638]';
cam_fpoint   = [0, 0, 1]';
cam_angle    = 90;
