cam_pos      = [0.663472, 1.43722, 1.767]';
cam_dir      = [-0.855009, 0.216532, -0.471247]';
cam_up       = [0.20835, 0.97553, 0.0702225]';
cam_lookat   = [0, 0, 1]';
cam_sky      = [0, 1, 0]';
cam_right    = [-0.631645, 0.0507307, 1.16934]';
cam_fpoint   = [0, 0, 1]';
cam_angle    = 90;
