cam_pos      = [1.44519, 1.00418, -1.28519]';
cam_dir      = [0.934855, 0.234511, 0.266555]';
cam_up       = [-0.159224, 0.947993, -0.275602]';
cam_lookat   = [0, 0, 1]';
cam_sky      = [0, 1, 0]';
cam_right    = [0.422041, -0.286224, -1.22836]';
cam_fpoint   = [0, 0, 1]';
cam_angle    = 90;
