cam_pos      = [1.77182, 1.06242, -0.856906]';
cam_dir      = [0.66625, 0.310513, 0.678006]';
cam_up       = [-0.0858486, 0.935079, -0.343887]';
cam_lookat   = [0, 0, 1]';
cam_sky      = [0, 1, 0]';
cam_right    = [0.985224, -0.227309, -0.864038]';
cam_fpoint   = [0, 0, 1]';
cam_angle    = 90;
