cam_pos      = [1.93223, 1.35196, 1.65957]';
cam_dir      = [-0.699257, 0.296206, 0.650616]';
cam_up       = [0.210226, 0.955079, -0.208876]';
cam_lookat   = [0, 0, 1]';
cam_sky      = [0, 1, 0]';
cam_right    = [0.908736, 0.012345, 0.971054]';
cam_fpoint   = [0, 0, 1]';
cam_angle    = 90;
