cam_pos      = [1.93376, 1.12214, -0.43204]';
cam_dir      = [0.546995, 0.323894, 0.771939]';
cam_up       = [-0.0475459, 0.93265, -0.357635]';
cam_lookat   = [0, 0, 1]';
cam_sky      = [0, 1, 0]';
cam_right    = [1.11159, -0.211366, -0.698988]';
cam_fpoint   = [0, 0, 1]';
cam_angle    = 90;
