cam_pos      = [1.07933, 1.30964, 0.965639]';
cam_dir      = [-0.285921, 0.0203484, -0.958037]';
cam_up       = [0.0641997, 0.997935, 0.00203577]';
cam_lookat   = [0, 0, 1]';
cam_sky      = [0, 1, 0]';
cam_right    = [-1.27161, 0.0810284, 0.381227]';
cam_fpoint   = [0, 0, 1]';
cam_angle    = 90;
