cam_pos      = [0.320507, 1.34345, 1.34211]';
cam_dir      = [-0.50418, 0.141306, -0.85196]';
cam_up       = [0.0565478, 0.989807, 0.130705]';
cam_lookat   = [0, 0, 1]';
cam_sky      = [0, 1, 0]';
cam_right    = [-1.14612, -0.0235709, 0.674353]';
cam_fpoint   = [0, 0, 1]';
cam_angle    = 90;
