cam_pos      = [0.540598, 0.969199, -1.04317]';
cam_dir      = [0.182118, -0.000927722, -0.983276]';
cam_up       = [-0.150558, 0.988181, -0.028818]';
cam_lookat   = [0, 0, 1]';
cam_sky      = [0, 1, 0]';
cam_right    = [-1.29234, -0.203873, -0.239169]';
cam_fpoint   = [0, 0, 1]';
cam_angle    = 90;
