cam_pos      = [0.150189, 1.24719, 0.733379]';
cam_dir      = [-0.279806, 0.0520308, -0.958646]';
cam_up       = [0.00902256, 0.998629, 0.0515674]';
cam_lookat   = [0, 0, 1]';
cam_sky      = [0, 1, 0]';
cam_right    = [-1.27682, -0.00768664, 0.372256]';
cam_fpoint   = [0, 0, 1]';
cam_angle    = 90;
