cam_pos      = [1.13049, 1.31151, 0.931579]';
cam_dir      = [-0.0528611, -0.00110519, -0.998601]';
cam_up       = [0.0176867, 0.999841, -0.00204281]';
cam_lookat   = [0, 0, 1]';
cam_sky      = [0, 1, 0]';
cam_right    = [-1.32793, 0.0236341, 0.0702682]';
cam_fpoint   = [0, 0, 1]';
cam_angle    = 90;
