cam_pos      = [0.155437, 1.26098, 0.784591]';
cam_dir      = [-0.277766, 0.0599489, -0.958776]';
cam_up       = [0.0076739, 0.998158, 0.060188]';
cam_lookat   = [0, 0, 1]';
cam_sky      = [0, 1, 0]';
cam_right    = [-1.27762, -0.0124497, 0.36936]';
cam_fpoint   = [0, 0, 1]';
cam_angle    = 90;
