cam_pos      = [0.151113, 1.25344, 0.763722]';
cam_dir      = [-0.277063, 0.0609008, -0.95892]';
cam_up       = [0.0105098, 0.998122, 0.0603539]';
cam_lookat   = [0, 0, 1]';
cam_sky      = [0, 1, 0]';
cam_right    = [-1.27786, -0.00883621, 0.368653]';
cam_fpoint   = [0, 0, 1]';
cam_angle    = 90;
