cam_pos      = [2.17442, 1.29324, 1.26312]';
cam_dir      = [-0.434412, 0.28542, 0.854296]';
cam_up       = [0.161996, 0.957757, -0.237611]';
cam_lookat   = [0, 0, 1]';
cam_sky      = [0, 1, 0]';
cam_right    = [1.17842, -0.0467782, 0.614856]';
cam_fpoint   = [0, 0, 1]';
cam_angle    = 90;
