cam_pos      = [1.3603, 0.984474, -1.42659]';
cam_dir      = [0.959293, 0.247834, 0.135408]';
cam_up       = [-0.211181, 0.947848, -0.23872]';
cam_lookat   = [0, 0, 1]';
cam_sky      = [0, 1, 0]';
cam_right    = [0.249387, -0.266541, -1.27893]';
cam_fpoint   = [0, 0, 1]';
cam_angle    = 90;
