cam_pos      = [0.470688, 1.27112, 0.940771]';
cam_dir      = [-0.562087, 0.068942, -0.8242]';
cam_up       = [0.091561, 0.995581, 0.0208349]';
cam_lookat   = [0, 0, 1]';
cam_sky      = [0, 1, 0]';
cam_right    = [-1.09325, 0.0847922, 0.752668]';
cam_fpoint   = [0, 0, 1]';
cam_angle    = 90;
