cam_pos      = [2.16378, 1.25207, 0.992265]';
cam_dir      = [-0.165843, 0.276096, 0.946714]';
cam_up       = [0.121823, 0.95839, -0.258161]';
cam_lookat   = [0, 0, 1]';
cam_sky      = [0, 1, 0]';
cam_right    = [1.30154, -0.096448, 0.256127]';
cam_fpoint   = [0, 0, 1]';
cam_angle    = 90;
