cam_pos      = [0.455496, 0.981507, -0.991824]';
cam_dir      = [0.14614, 0.00562952, -0.989248]';
cam_up       = [-0.149829, 0.988574, -0.0165083]';
cam_lookat   = [0, 0, 1]';
cam_sky      = [0, 1, 0]';
cam_right    = [-1.30054, -0.200339, -0.193268]';
cam_fpoint   = [0, 0, 1]';
cam_angle    = 90;
