cam_pos      = [0.272506, 1.223, 0.724511]';
cam_dir      = [-0.486796, 0.0242522, -0.873179]';
cam_up       = [0.0388673, 0.999226, 0.00608459]';
cam_lookat   = [0, 0, 1]';
cam_sky      = [0, 1, 0]';
cam_right    = [-1.16062, 0.0411983, 0.648191]';
cam_fpoint   = [0, 0, 1]';
cam_angle    = 90;
