cam_pos      = [0.516728, 1.42593, 1.68723]';
cam_dir      = [-0.746579, 0.202382, -0.633768]';
cam_up       = [0.166991, 0.979117, 0.115948]';
cam_lookat   = [0, 0, 1]';
cam_sky      = [0, 1, 0]';
cam_right    = [-0.856519, 0.0256284, 1.01716]';
cam_fpoint   = [0, 0, 1]';
cam_angle    = 90;
