cam_pos      = [2.18301, 1.29138, 1.25523]';
cam_dir      = [-0.430321, 0.288591, 0.855301]';
cam_up       = [0.162699, 0.956796, -0.240979]';
cam_lookat   = [0, 0, 1]';
cam_sky      = [0, 1, 0]';
cam_right    = [1.1809, -0.0471594, 0.610048]';
cam_fpoint   = [0, 0, 1]';
cam_angle    = 90;
