cam_pos      = [1.95714, 1.12741, -0.368894]';
cam_dir      = [0.520815, 0.329354, 0.787577]';
cam_up       = [-0.042559, 0.931449, -0.361375]';
cam_lookat   = [0, 0, 1]';
cam_sky      = [0, 1, 0]';
cam_right    = [1.13397, -0.205739, -0.663842]';
cam_fpoint   = [0, 0, 1]';
cam_angle    = 90;
