cam_pos      = [1.29214, 1.42889, 1.90275]';
cam_dir      = [-0.966058, 0.248477, 0.0706437]';
cam_up       = [0.243021, 0.966911, -0.0776154]';
cam_lookat   = [0, 0, 1]';
cam_sky      = [0, 1, 0]';
cam_right    = [0.116497, 0.0768914, 1.32265]';
cam_fpoint   = [0, 0, 1]';
cam_angle    = 90;
