cam_pos      = [1.09178, 1.44987, 1.9163]';
cam_dir      = [-0.959963, 0.239747, -0.144889]';
cam_up       = [0.246264, 0.968781, -0.0285874]';
cam_lookat   = [0, 0, 1]';
cam_sky      = [0, 1, 0]';
cam_right    = [-0.177571, 0.0839547, 1.31542]';
cam_fpoint   = [0, 0, 1]';
cam_angle    = 90;
