cam_pos      = [1.27345, 0.975581, -1.48815]';
cam_dir      = [0.960256, 0.278799, 0.0134148]';
cam_up       = [-0.270063, 0.940163, -0.20775]';
cam_lookat   = [0, 0, 1]';
cam_sky      = [0, 1, 0]';
cam_right    = [0.0938082, -0.260507, -1.30086]';
cam_fpoint   = [0, 0, 1]';
cam_angle    = 90;
