cam_pos      = [0.96505, 1.44324, 1.8924]';
cam_dir      = [-0.946258, 0.232792, -0.224509]';
cam_up       = [0.238066, 0.971242, 0.00367644]';
cam_lookat   = [0, 0, 1]';
cam_sky      = [0, 1, 0]';
cam_right    = [-0.291148, 0.0664588, 1.29604]';
cam_fpoint   = [0, 0, 1]';
cam_angle    = 90;
