cam_pos      = [2.05058, 1.1615, -0.0322891]';
cam_dir      = [0.362447, 0.345746, 0.865501]';
cam_up       = [-0.00100047, 0.928788, -0.370609]';
cam_lookat   = [0, 0, 1]';
cam_sky      = [0, 1, 0]';
cam_right    = [1.23957, -0.177502, -0.448186]';
cam_fpoint   = [0, 0, 1]';
cam_angle    = 90;
