cam_pos      = [0.221218, 1.05446, -0.387262]';
cam_dir      = [-0.348775, 0.00988863, -0.937154]';
cam_up       = [0.0130911, 0.999898, 0.00567865]';
cam_lookat   = [0, 0, 1]';
cam_sky      = [0, 1, 0]';
cam_right    = [-1.24636, 0.0136828, 0.463996]';
cam_fpoint   = [0, 0, 1]';
cam_angle    = 90;
