cam_pos      = [1.22988, 0.971371, -1.44621]';
cam_dir      = [0.893444, 0.243993, -0.377128]';
cam_up       = [-0.294331, 0.952247, -0.081211]';
cam_lookat   = [0, 0, 1]';
cam_sky      = [0, 1, 0]';
cam_right    = [-0.451274, -0.244132, -1.22705]';
cam_fpoint   = [0, 0, 1]';
cam_angle    = 90;
