cam_pos      = [1.90797, 1.36815, 1.6892]';
cam_dir      = [-0.73737, 0.286954, 0.611509]';
cam_up       = [0.21168, 0.957845, -0.194227]';
cam_lookat   = [0, 0, 1]';
cam_sky      = [0, 1, 0]';
cam_right    = [0.853148, 0.0183181, 1.02015]';
cam_fpoint   = [0, 0, 1]';
cam_angle    = 90;
