cam_pos      = [0.688589, 0.964656, -1.10687]';
cam_dir      = [0.284876, 0.00940502, -0.958518]';
cam_up       = [-0.172101, 0.984205, -0.0414922]';
cam_lookat   = [0, 0, 1]';
cam_sky      = [0, 1, 0]';
cam_right    = [-1.25417, -0.23512, -0.375053]';
cam_fpoint   = [0, 0, 1]';
cam_angle    = 90;
