cam_pos      = [1.11968, 1.31297, 0.942604]';
cam_dir      = [-0.0969274, 0.000379418, -0.995291]';
cam_up       = [0.0198045, 0.999803, -0.00154754]';
cam_lookat   = [0, 0, 1]';
cam_sky      = [0, 1, 0]';
cam_right    = [-1.32348, 0.0264155, 0.128898]';
cam_fpoint   = [0, 0, 1]';
cam_angle    = 90;
