cam_pos      = [0.734701, 1.30496, 1.05054]';
cam_dir      = [-0.519683, 0.0750647, -0.851055]';
cam_up       = [0.109759, 0.993744, 0.0206277]';
cam_lookat   = [0, 0, 1]';
cam_sky      = [0, 1, 0]';
cam_right    = [-1.12688, 0.109979, 0.697812]';
cam_fpoint   = [0, 0, 1]';
cam_angle    = 90;
