cam_pos      = [1.13205, 1.31871, 0.930344]';
cam_dir      = [-0.0421784, -0.00533197, -0.999096]';
cam_up       = [0.0136554, 0.999889, -0.00591269]';
cam_lookat   = [0, 0, 1]';
cam_sky      = [0, 1, 0]';
cam_right    = [-1.32869, 0.0184769, 0.0559942]';
cam_fpoint   = [0, 0, 1]';
cam_angle    = 90;
