cam_pos      = [0.887779, 1.43828, 1.87203]';
cam_dir      = [-0.933614, 0.228003, -0.276368]';
cam_up       = [0.23075, 0.972741, 0.0229987]';
cam_lookat   = [0, 0, 1]';
cam_sky      = [0, 1, 0]';
cam_right    = [-0.364524, 0.056259, 1.27783]';
cam_fpoint   = [0, 0, 1]';
cam_angle    = 90;
