cam_pos      = [0.167461, 1.10447, -0.101208]';
cam_dir      = [-0.397158, -0.013318, -0.917654]';
cam_up       = [0.0205603, 0.999515, -0.0234045]';
cam_lookat   = [0, 0, 1]';
cam_sky      = [0, 1, 0]';
cam_right    = [-1.2203, 0.0374561, 0.527599]';
cam_fpoint   = [0, 0, 1]';
cam_angle    = 90;
