cam_pos      = [0.218166, 1.05849, -0.36779]';
cam_dir      = [-0.350271, 0.0104369, -0.93659]';
cam_up       = [0.0101983, 0.999921, 0.00732862]';
cam_lookat   = [0, 0, 1]';
cam_sky      = [0, 1, 0]';
cam_right    = [-1.24567, 0.00928956, 0.465966]';
cam_fpoint   = [0, 0, 1]';
cam_angle    = 90;
