cam_pos      = [0.356022, 1.24723, 0.832482]';
cam_dir      = [-0.531282, 0.0476409, -0.845854]';
cam_up       = [0.061036, 0.997976, 0.017872]';
cam_lookat   = [0, 0, 1]';
cam_sky      = [0, 1, 0]';
cam_right    = [-1.12384, 0.0560362, 0.709042]';
cam_fpoint   = [0, 0, 1]';
cam_angle    = 90;
