cam_pos      = [2.048, 1.15824, -0.0445561]';
cam_dir      = [0.363085, 0.347614, 0.864485]';
cam_up       = [-0.000477893, 0.927871, -0.372901]';
cam_lookat   = [0, 0, 1]';
cam_sky      = [0, 1, 0]';
cam_right    = [1.23924, -0.179526, -0.448292]';
cam_fpoint   = [0, 0, 1]';
cam_angle    = 90;
