cam_pos      = [1.13118, 0.946058, -1.39924]';
cam_dir      = [0.810162, 0.113877, -0.575038]';
cam_up       = [-0.217644, 0.969267, -0.114687]';
cam_lookat   = [0, 0, 1]';
cam_sky      = [0, 1, 0]';
cam_right    = [-0.723926, -0.290032, -1.07736]';
cam_fpoint   = [0, 0, 1]';
cam_angle    = 90;
