cam_pos      = [0.238643, 1.21366, 0.67258]';
cam_dir      = [-0.45456, 0.0214416, -0.890458]';
cam_up       = [0.0343558, 0.999388, 0.00652663]';
cam_lookat   = [0, 0, 1]';
cam_sky      = [0, 1, 0]';
cam_right    = [-1.18377, 0.0367422, 0.605175]';
cam_fpoint   = [0, 0, 1]';
cam_angle    = 90;
