cam_pos      = [1.83728, 1.07619, -0.726479]';
cam_dir      = [0.646106, 0.309989, 0.697462]';
cam_up       = [-0.0792838, 0.936124, -0.342617]';
cam_lookat   = [0, 0, 1]';
cam_sky      = [0, 1, 0]';
cam_right    = [1.00963, -0.220873, -0.837119]';
cam_fpoint   = [0, 0, 1]';
cam_angle    = 90;
