cam_pos      = [0.433059, 0.979638, -0.981099]';
cam_dir      = [0.13185, 0.0166139, -0.99113]';
cam_up       = [-0.149713, 0.988724, -0.00334276]';
cam_lookat   = [0, 0, 1]';
cam_sky      = [0, 1, 0]';
cam_right    = [-1.30327, -0.197939, -0.176692]';
cam_fpoint   = [0, 0, 1]';
cam_angle    = 90;
