cam_pos      = [0.744398, 0.959823, -1.14106]';
cam_dir      = [0.355092, 0.0199759, -0.934618]';
cam_up       = [-0.181917, 0.982136, -0.0481248]';
cam_lookat   = [0, 0, 1]';
cam_sky      = [0, 1, 0]';
cam_right    = [-1.21956, -0.248859, -0.468668]';
cam_fpoint   = [0, 0, 1]';
cam_angle    = 90;
