cam_pos      = [0.232761, 1.30999, 1.05901]';
cam_dir      = [-0.371318, 0.0991096, -0.923201]';
cam_up       = [0.0225329, 0.994956, 0.0977499]';
cam_lookat   = [0, 0, 1]';
cam_sky      = [0, 1, 0]';
cam_right    = [-1.23455, -0.0206069, 0.494332]';
cam_fpoint   = [0, 0, 1]';
cam_angle    = 90;
