cam_pos      = [0.715216, 1.43776, 1.79425]';
cam_dir      = [-0.87704, 0.220298, -0.426931]';
cam_up       = [0.221533, 0.973996, 0.0474928]';
cam_lookat   = [0, 0, 1]';
cam_sky      = [0, 1, 0]';
cam_right    = [-0.566968, 0.0703918, 1.20104]';
cam_fpoint   = [0, 0, 1]';
cam_angle    = 90;
