cam_pos      = [0.150834, 1.238, 0.703765]';
cam_dir      = [-0.282856, 0.0484684, -0.957937]';
cam_up       = [0.0110143, 0.998821, 0.0472847]';
cam_lookat   = [0, 0, 1]';
cam_sky      = [0, 1, 0]';
cam_right    = [-1.2756, -0.0037556, 0.376464]';
cam_fpoint   = [0, 0, 1]';
cam_angle    = 90;
