cam_pos      = [2.19428, 1.21542, 0.727454]';
cam_dir      = [0.116741, 0.247851, 0.961739]';
cam_up       = [0.101547, 0.960306, -0.259808]';
cam_lookat   = [0, 0, 1]';
cam_sky      = [0, 1, 0]';
cam_right    = [1.31398, -0.170229, -0.115628]';
cam_fpoint   = [0, 0, 1]';
cam_angle    = 90;
