cam_pos      = [0.174647, 1.19182, 0.439812]';
cam_dir      = [-0.424618, 0.00642493, -0.90535]';
cam_up       = [0.0288021, 0.999565, -0.00641495]';
cam_lookat   = [0, 0, 1]';
cam_sky      = [0, 1, 0]';
cam_right    = [-1.20354, 0.0383039, 0.564742]';
cam_fpoint   = [0, 0, 1]';
cam_angle    = 90;
