cam_pos      = [0.208126, 1.29688, 0.985299]';
cam_dir      = [-0.330693, 0.0930424, -0.939141]';
cam_up       = [0.0119045, 0.99546, 0.0944303]';
cam_lookat   = [0, 0, 1]';
cam_sky      = [0, 1, 0]';
cam_right    = [-1.25507, -0.026663, 0.439298]';
cam_fpoint   = [0, 0, 1]';
cam_angle    = 90;
