cam_pos      = [0.150664, 1.22244, 0.550266]';
cam_dir      = [-0.271396, 0.0222058, -0.962212]';
cam_up       = [0.0102153, 0.999744, 0.0201907]';
cam_lookat   = [0, 0, 1]';
cam_sky      = [0, 1, 0]';
cam_right    = [-1.28001, 0.00578497, 0.361165]';
cam_fpoint   = [0, 0, 1]';
cam_angle    = 90;
