cam_pos      = [0.185385, 1.15196, 0.154691]';
cam_dir      = [-0.453509, 0.000660715, -0.891252]';
cam_up       = [0.0373054, 0.999137, -0.018242]';
cam_lookat   = [0, 0, 1]';
cam_sky      = [0, 1, 0]';
cam_right    = [-1.18433, 0.0552235, 0.602679]';
cam_fpoint   = [0, 0, 1]';
cam_angle    = 90;
