cam_pos      = [2.15836, 1.30301, 1.28804]';
cam_dir      = [-0.443298, 0.281997, 0.850861]';
cam_up       = [0.159567, 0.95889, -0.234666]';
cam_lookat   = [0, 0, 1]';
cam_sky      = [0, 1, 0]';
cam_right    = [1.17314, -0.0422173, 0.625196]';
cam_fpoint   = [0, 0, 1]';
cam_angle    = 90;
