cam_pos      = [2.20466, 1.28042, 1.12814]';
cam_dir      = [-0.326998, 0.272284, 0.90495]';
cam_up       = [0.14898, 0.960472, -0.235157]';
cam_lookat   = [0, 0, 1]';
cam_sky      = [0, 1, 0]';
cam_right    = [1.24117, -0.0770384, 0.471667]';
cam_fpoint   = [0, 0, 1]';
cam_angle    = 90;
