cam_pos      = [2.20894, 1.27557, 1.11929]';
cam_dir      = [-0.315682, 0.27033, 0.909542]';
cam_up       = [0.144322, 0.961085, -0.235558]';
cam_lookat   = [0, 0, 1]';
cam_sky      = [0, 1, 0]';
cam_right    = [1.24731, -0.0756842, 0.455408]';
cam_fpoint   = [0, 0, 1]';
cam_angle    = 90;
