cam_pos      = [0.149861, 1.22077, 0.511778]';
cam_dir      = [-0.265603, 0.0296153, -0.963628]';
cam_up       = [0.0158169, 0.999527, 0.026359]';
cam_lookat   = [0, 0, 1]';
cam_sky      = [0, 1, 0]';
cam_right    = [-1.28206, 0.0109599, 0.353708]';
cam_fpoint   = [0, 0, 1]';
cam_angle    = 90;
