cam_pos      = [0.550387, 0.967916, -1.04795]';
cam_dir      = [0.184903, -0.00164784, -0.982755]';
cam_up       = [-0.152118, 0.987898, -0.0302771]';
cam_lookat   = [0, 0, 1]';
cam_sky      = [0, 1, 0]';
cam_right    = [-1.29131, -0.206274, -0.242612]';
cam_fpoint   = [0, 0, 1]';
cam_angle    = 90;
