cam_pos      = [0.516309, 1.28107, 0.971829]';
cam_dir      = [-0.569489, 0.0675079, -0.819222]';
cam_up       = [0.0903309, 0.995726, 0.0192584]';
cam_lookat   = [0, 0, 1]';
cam_sky      = [0, 1, 0]';
cam_right    = [-1.08664, 0.0838347, 0.762293]';
cam_fpoint   = [0, 0, 1]';
cam_angle    = 90;
