cam_pos      = [2.06525, 1.18711, 0.12619]';
cam_dir      = [0.357071, 0.339893, 0.870042]';
cam_up       = [-0.00220506, 0.93175, -0.363095]';
cam_lookat   = [0, 0, 1]';
cam_sky      = [0, 1, 0]';
cam_right    = [1.24232, -0.169884, -0.443489]';
cam_fpoint   = [0, 0, 1]';
cam_angle    = 90;
