cam_pos      = [0.261594, 1.32492, 1.15199]';
cam_dir      = [-0.425615, 0.109842, -0.898213]';
cam_up       = [0.0321168, 0.993814, 0.106315]';
cam_lookat   = [0, 0, 1]';
cam_sky      = [0, 1, 0]';
cam_right    = [-1.20276, -0.0218137, 0.567258]';
cam_fpoint   = [0, 0, 1]';
cam_angle    = 90;
