cam_pos      = [0.153823, 1.21956, 0.569489]';
cam_dir      = [-0.272834, 0.0252193, -0.96173]';
cam_up       = [0.0153645, 0.999643, 0.0218547]';
cam_lookat   = [0, 0, 1]';
cam_sky      = [0, 1, 0]';
cam_right    = [-1.27938, 0.0117224, 0.363255]';
cam_fpoint   = [0, 0, 1]';
cam_angle    = 90;
