cam_pos      = [0.299246, 1.01063, -0.799385]';
cam_dir      = [-0.0857713, 0.0256155, -0.995986]';
cam_up       = [-0.0763834, 0.996558, 0.0322081]';
cam_lookat   = [0, 0, 1]';
cam_sky      = [0, 1, 0]';
cam_right    = [-1.3212, -0.104856, 0.111081]';
cam_fpoint   = [0, 0, 1]';
cam_angle    = 90;
