cam_pos      = [0.173023, 1.09233, -0.179329]';
cam_dir      = [-0.366648, 0.00192217, -0.930358]';
cam_up       = [0.00950649, 0.999953, -0.00168049]';
cam_lookat   = [0, 0, 1]';
cam_sky      = [0, 1, 0]';
cam_right    = [-1.23731, 0.0125826, 0.487643]';
cam_fpoint   = [0, 0, 1]';
cam_angle    = 90;
