cam_pos      = [0.174413, 1.17056, 0.321353]';
cam_dir      = [-0.44517, -0.00321636, -0.89544]';
cam_up       = [0.0344666, 0.999191, -0.0207242]';
cam_lookat   = [0, 0, 1]';
cam_sky      = [0, 1, 0]';
cam_right    = [-1.19006, 0.0533178, 0.59145]';
cam_fpoint   = [0, 0, 1]';
cam_angle    = 90;
