cam_pos      = [0.174325, 1.18722, 0.41642]';
cam_dir      = [-0.426034, 0.00507722, -0.904693]';
cam_up       = [0.0318881, 0.999447, -0.00940762]';
cam_lookat   = [0, 0, 1]';
cam_sky      = [0, 1, 0]';
cam_right    = [-1.20251, 0.0436997, 0.566527]';
cam_fpoint   = [0, 0, 1]';
cam_angle    = 90;
