cam_pos      = [0.17496, 1.0874, -0.213523]';
cam_dir      = [-0.352731, 0.00828665, -0.935688]';
cam_up       = [0.0074748, 0.999954, 0.00603799]';
cam_lookat   = [0, 0, 1]';
cam_sky      = [0, 1, 0]';
cam_right    = [-1.24447, 0.00646952, 0.469193]';
cam_fpoint   = [0, 0, 1]';
cam_angle    = 90;
