cam_pos      = [1.47856, 1.01023, -1.21358]';
cam_dir      = [0.908085, 0.251278, 0.335025]';
cam_up       = [-0.157109, 0.945967, -0.283659]';
cam_lookat   = [0, 0, 1]';
cam_sky      = [0, 1, 0]';
cam_right    = [0.516306, -0.272585, -1.195]';
cam_fpoint   = [0, 0, 1]';
cam_angle    = 90;
