cam_pos      = [0.274124, 1.03757, -0.589267]';
cam_dir      = [-0.275314, 0.0357872, -0.960688]';
cam_up       = [-0.0135962, 0.999062, 0.0411131]';
cam_lookat   = [0, 0, 1]';
cam_sky      = [0, 1, 0]';
cam_right    = [-1.27847, -0.0324263, 0.365177]';
cam_fpoint   = [0, 0, 1]';
cam_angle    = 90;
