cam_pos      = [1.5258, 1.02677, -1.15458]';
cam_dir      = [0.86916, 0.274376, 0.411435]';
cam_up       = [-0.152713, 0.940222, -0.304403]';
cam_lookat   = [0, 0, 1]';
cam_sky      = [0, 1, 0]';
cam_right    = [0.62558, -0.268318, -1.14261]';
cam_fpoint   = [0, 0, 1]';
cam_angle    = 90;
