cam_pos      = [1.67499, 1.39115, 1.8218]';
cam_dir      = [-0.884022, 0.269702, 0.381793]';
cam_up       = [0.23359, 0.962356, -0.13895]';
cam_lookat   = [0, 0, 1]';
cam_sky      = [0, 1, 0]';
cam_right    = [0.538512, 0.0447574, 1.21528]';
cam_fpoint   = [0, 0, 1]';
cam_angle    = 90;
