cam_pos      = [2.18739, 1.19202, 0.557128]';
cam_dir      = [0.208201, 0.29944, 0.931122]';
cam_up       = [0.0684577, 0.945188, -0.319271]';
cam_lookat   = [0, 0, 1]';
cam_sky      = [0, 1, 0]';
cam_right    = [1.29766, -0.173186, -0.234466]';
cam_fpoint   = [0, 0, 1]';
cam_angle    = 90;
