cam_pos      = [2.18753, 1.30037, 1.22185]';
cam_dir      = [-0.411601, 0.286328, 0.865217]';
cam_up       = [0.162938, 0.957189, -0.239251]';
cam_lookat   = [0, 0, 1]';
cam_sky      = [0, 1, 0]';
cam_right    = [1.19259, -0.0565259, 0.586042]';
cam_fpoint   = [0, 0, 1]';
cam_angle    = 90;
