cam_pos      = [1.58984, 1.03851, -1.08648]';
cam_dir      = [0.830739, 0.276203, 0.483306]';
cam_up       = [-0.126663, 0.939237, -0.319046]';
cam_lookat   = [0, 0, 1]';
cam_sky      = [0, 1, 0]';
cam_right    = [0.72094, -0.27109, -1.08428]';
cam_fpoint   = [0, 0, 1]';
cam_angle    = 90;
