cam_pos      = [0.244229, 1.31315, 1.09398]';
cam_dir      = [-0.39053, 0.102071, -0.914914]';
cam_up       = [0.0240478, 0.994626, 0.100699]';
cam_lookat   = [0, 0, 1]';
cam_sky      = [0, 1, 0]';
cam_right    = [-1.22397, -0.0230415, 0.519878]';
cam_fpoint   = [0, 0, 1]';
cam_angle    = 90;
