cam_pos      = [0.267103, 1.04437, -0.541754]';
cam_dir      = [-0.309143, 0.0323013, -0.950467]';
cam_up       = [-0.00569228, 0.999342, 0.0358138]';
cam_lookat   = [0, 0, 1]';
cam_sky      = [0, 1, 0]';
cam_right    = [-1.26483, -0.0219209, 0.410645]';
cam_fpoint   = [0, 0, 1]';
cam_angle    = 90;
