cam_pos      = [0.410894, 1.26322, 0.89412]';
cam_dir      = [-0.554435, 0.0625489, -0.829873]';
cam_up       = [0.0826004, 0.996384, 0.0199141]';
cam_lookat   = [0, 0, 1]';
cam_sky      = [0, 1, 0]';
cam_right    = [-1.1014, 0.076484, 0.741603]';
cam_fpoint   = [0, 0, 1]';
cam_angle    = 90;
