cam_pos      = [1.18658, 0.951858, -1.41436]';
cam_dir      = [0.835119, 0.139584, -0.532064]';
cam_up       = [-0.223973, 0.969742, -0.0971382]';
cam_lookat   = [0, 0, 1]';
cam_sky      = [0, 1, 0]';
cam_right    = [-0.6682, -0.266386, -1.11868]';
cam_fpoint   = [0, 0, 1]';
cam_angle    = 90;
