cam_pos      = [1.07546, 1.3176, 0.970894]';
cam_dir      = [-0.314571, 0.0269551, -0.948851]';
cam_up       = [0.0714891, 0.997431, 0.00463447]';
cam_lookat   = [0, 0, 1]';
cam_sky      = [0, 1, 0]';
cam_right    = [-1.2589, 0.0882784, 0.419868]';
cam_fpoint   = [0, 0, 1]';
cam_angle    = 90;
