cam_pos      = [2.06233, 1.17233, 0.046469]';
cam_dir      = [0.362461, 0.34768, 0.86472]';
cam_up       = [-0.000749152, 0.92792, -0.372778]';
cam_lookat   = [0, 0, 1]';
cam_sky      = [0, 1, 0]';
cam_right    = [1.23956, -0.178844, -0.447671]';
cam_fpoint   = [0, 0, 1]';
cam_angle    = 90;
