cam_pos      = [0.139001, 1.22437, 0.472263]';
cam_dir      = [-0.25618, 0.0298999, -0.966167]';
cam_up       = [0.0147368, 0.999526, 0.0270248]';
cam_lookat   = [0, 0, 1]';
cam_sky      = [0, 1, 0]';
cam_right    = [-1.28547, 0.00972894, 0.341144]';
cam_fpoint   = [0, 0, 1]';
cam_angle    = 90;
