cam_pos      = [1.14599, 1.30874, 0.913284]';
cam_dir      = [-0.0102705, 0.00251296, -0.999944]';
cam_up       = [0.00390467, 0.999989, 0.00247297]';
cam_lookat   = [0, 0, 1]';
cam_sky      = [0, 1, 0]';
cam_right    = [-1.32992, 0.00515914, 0.0136727]';
cam_fpoint   = [0, 0, 1]';
cam_angle    = 90;
