cam_pos      = [1.90177, 1.37179, 1.6963]';
cam_dir      = [-0.74711, 0.285249, 0.600382]';
cam_up       = [0.212508, 0.958336, -0.190873]';
cam_lookat   = [0, 0, 1]';
cam_sky      = [0, 1, 0]';
cam_right    = [0.837653, 0.0199729, 1.03288]';
cam_fpoint   = [0, 0, 1]';
cam_angle    = 90;
