cam_pos      = [1.43574, 0.996776, -1.30429]';
cam_dir      = [0.940653, 0.234591, 0.245232]';
cam_up       = [-0.164414, 0.947163, -0.275411]';
cam_lookat   = [0, 0, 1]';
cam_sky      = [0, 1, 0]';
cam_right    = [0.394856, -0.290932, -1.23626]';
cam_fpoint   = [0, 0, 1]';
cam_angle    = 90;
