cam_pos      = [0.337132, 0.998322, -0.88298]';
cam_dir      = [0.0346176, 0.0198635, -0.999203]';
cam_up       = [-0.123246, 0.992256, 0.0154555]';
cam_lookat   = [0, 0, 1]';
cam_sky      = [0, 1, 0]';
cam_right    = [-1.31906, -0.163075, -0.0489408]';
cam_fpoint   = [0, 0, 1]';
cam_angle    = 90;
