cam_pos      = [0.581019, 0.967797, -1.05853]';
cam_dir      = [0.195207, -0.00297337, -0.980758]';
cam_up       = [-0.15574, 0.987213, -0.0339909]';
cam_lookat   = [0, 0, 1]';
cam_sky      = [0, 1, 0]';
cam_right    = [-1.28786, -0.211973, -0.25569]';
cam_fpoint   = [0, 0, 1]';
cam_angle    = 90;
