cam_pos      = [0.0783442, 1.20372, 0.225345]';
cam_dir      = [-0.235989, 0.0398552, -0.970938]';
cam_up       = [0.0142893, 0.999193, 0.0375419]';
cam_lookat   = [0, 0, 1]';
cam_sky      = [0, 1, 0]';
cam_right    = [-1.2923, 0.00666934, 0.314369]';
cam_fpoint   = [0, 0, 1]';
cam_angle    = 90;
