cam_pos      = [1.9242, 1.11839, -0.45561]';
cam_dir      = [0.557437, 0.319444, 0.766302]';
cam_up       = [-0.0468462, 0.933644, -0.355125]';
cam_lookat   = [0, 0, 1]';
cam_sky      = [0, 1, 0]';
cam_right    = [1.10243, -0.215542, -0.712099]';
cam_fpoint   = [0, 0, 1]';
cam_angle    = 90;
