cam_pos      = [2.1616, 1.24442, 0.969857]';
cam_dir      = [-0.123436, 0.273797, 0.953834]';
cam_up       = [0.110919, 0.958968, -0.260917]';
cam_lookat   = [0, 0, 1]';
cam_sky      = [0, 1, 0]';
cam_right    = [1.31156, -0.0978771, 0.197824]';
cam_fpoint   = [0, 0, 1]';
cam_angle    = 90;
