cam_pos      = [0.576761, 1.43055, 1.72638]';
cam_dir      = [-0.803077, 0.210693, -0.557383]';
cam_up       = [0.185855, 0.977306, 0.101645]';
cam_lookat   = [0, 0, 1]';
cam_sky      = [0, 1, 0]';
cam_right    = [-0.752978, 0.0292112, 1.09593]';
cam_fpoint   = [0, 0, 1]';
cam_angle    = 90;
