cam_pos      = [0.471193, 0.980812, -1.00339]';
cam_dir      = [0.151047, 0.0079812, -0.988494]';
cam_up       = [-0.149822, 0.988601, -0.0149115]';
cam_lookat   = [0, 0, 1]';
cam_sky      = [0, 1, 0]';
cam_right    = [-1.29955, -0.199967, -0.200193]';
cam_fpoint   = [0, 0, 1]';
cam_angle    = 90;
