cam_pos      = [0.597747, 1.43119, 1.73459]';
cam_dir      = [-0.815696, 0.216029, -0.53663]';
cam_up       = [0.198862, 0.975834, 0.090561]';
cam_lookat   = [0, 0, 1]';
cam_sky      = [0, 1, 0]';
cam_right    = [-0.722491, 0.0436839, 1.1158]';
cam_fpoint   = [0, 0, 1]';
cam_angle    = 90;
