cam_pos      = [1.01148, 1.31065, 1.00319]';
cam_dir      = [-0.427706, 0.052137, -0.902413]';
cam_up       = [0.098826, 0.995048, 0.0106496]';
cam_lookat   = [0, 0, 1]';
cam_sky      = [0, 1, 0]';
cam_right    = [-1.195, 0.112554, 0.572884]';
cam_fpoint   = [0, 0, 1]';
cam_angle    = 90;
