cam_pos      = [0.0806616, 1.20737, 0.249052]';
cam_dir      = [-0.253159, 0.0363631, -0.966741]';
cam_up       = [0.0184037, 0.999294, 0.0327682]';
cam_lookat   = [0, 0, 1]';
cam_sky      = [0, 1, 0]';
cam_right    = [-1.28644, 0.0126297, 0.337353]';
cam_fpoint   = [0, 0, 1]';
cam_angle    = 90;
