cam_pos      = [0.30393, 1.34125, 1.27906]';
cam_dir      = [-0.47222, 0.12405, -0.872708]';
cam_up       = [0.0432973, 0.992117, 0.117595]';
cam_lookat   = [0, 0, 1]';
cam_sky      = [0, 1, 0]';
cam_right    = [-1.17095, -0.0236007, 0.630246]';
cam_fpoint   = [0, 0, 1]';
cam_angle    = 90;
