cam_pos      = [2.18802, 1.26222, 1.05211]';
cam_dir      = [-0.240079, 0.269478, 0.932601]';
cam_up       = [0.127607, 0.961122, -0.24487]';
cam_lookat   = [0, 0, 1]';
cam_sky      = [0, 1, 0]';
cam_right    = [1.2799, -0.0800903, 0.352626]';
cam_fpoint   = [0, 0, 1]';
cam_angle    = 90;
