cam_pos      = [1.98201, 1.36234, 1.58789]';
cam_dir      = [-0.648226, 0.291188, 0.703571]';
cam_up       = [0.191577, 0.956637, -0.219418]';
cam_lookat   = [0, 0, 1]';
cam_sky      = [0, 1, 0]';
cam_right    = [0.980149, 0.00990089, 0.89895]';
cam_fpoint   = [0, 0, 1]';
cam_angle    = 90;
