cam_pos      = [0.110531, 1.21871, 0.384477]';
cam_dir      = [-0.256517, 0.0334936, -0.965959]';
cam_up       = [0.0196303, 0.999374, 0.0294392]';
cam_lookat   = [0, 0, 1]';
cam_sky      = [0, 1, 0]';
cam_right    = [-1.28523, 0.0151758, 0.341829]';
cam_fpoint   = [0, 0, 1]';
cam_angle    = 90;
