cam_pos      = [0.207212, 1.06538, -0.338294]';
cam_dir      = [-0.345739, 0.00696564, -0.938305]';
cam_up       = [0.00762352, 0.99996, 0.0046143]';
cam_lookat   = [0, 0, 1]';
cam_sky      = [0, 1, 0]';
cam_right    = [-1.24794, 0.00739193, 0.459885]';
cam_fpoint   = [0, 0, 1]';
cam_angle    = 90;
