cam_pos      = [0.097516, 1.21457, 0.341734]';
cam_dir      = [-0.26209, 0.0310624, -0.964543]';
cam_up       = [0.0265889, 0.999335, 0.024958]';
cam_lookat   = [0, 0, 1]';
cam_sky      = [0, 1, 0]';
cam_right    = [-1.28302, 0.0254095, 0.349447]';
cam_fpoint   = [0, 0, 1]';
cam_angle    = 90;
