cam_pos      = [0.281914, 1.22283, 0.740295]';
cam_dir      = [-0.491696, 0.0307905, -0.870222]';
cam_up       = [0.0475512, 0.998833, 0.00847352]';
cam_lookat   = [0, 0, 1]';
cam_sky      = [0, 1, 0]';
cam_right    = [-1.15639, 0.0494942, 0.655139]';
cam_fpoint   = [0, 0, 1]';
cam_angle    = 90;
