cam_pos      = [1.24494, 0.967638, -1.50908]';
cam_dir      = [0.958071, 0.280209, -0.0598589]';
cam_up       = [-0.286436, 0.942018, -0.174803]';
cam_lookat   = [0, 0, 1]';
cam_sky      = [0, 1, 0]';
cam_right    = [-0.0098511, -0.245543, -1.3071]';
cam_fpoint   = [0, 0, 1]';
cam_angle    = 90;
