cam_pos      = [2.18423, 1.22269, 0.759023]';
cam_dir      = [0.0938089, 0.256183, 0.962066]';
cam_up       = [0.103381, 0.958596, -0.26534]';
cam_lookat   = [0, 0, 1]';
cam_sky      = [0, 1, 0]';
cam_right    = [1.31698, -0.165387, -0.0843757]';
cam_fpoint   = [0, 0, 1]';
cam_angle    = 90;
