cam_pos      = [1.91341, 1.36834, 1.67565]';
cam_dir      = [-0.72695, 0.285762, 0.624407]';
cam_up       = [0.208106, 0.958216, -0.196249]';
cam_lookat   = [0, 0, 1]';
cam_sky      = [0, 1, 0]';
cam_right    = [0.870348, 0.0169179, 1.00554]';
cam_fpoint   = [0, 0, 1]';
cam_angle    = 90;
