cam_pos      = [0.198533, 1.07173, -0.308603]';
cam_dir      = [-0.344432, 0.00443743, -0.938801]';
cam_up       = [0.00767348, 0.999969, 0.00191127]';
cam_lookat   = [0, 0, 1]';
cam_sky      = [0, 1, 0]';
cam_right    = [-1.24858, 0.00870561, 0.458125]';
cam_fpoint   = [0, 0, 1]';
cam_angle    = 90;
