cam_pos      = [2.17484, 1.21727, 0.819927]';
cam_dir      = [0.0473548, 0.265482, 0.962952]';
cam_up       = [0.104229, 0.957458, -0.269093]';
cam_lookat   = [0, 0, 1]';
cam_sky      = [0, 1, 0]';
cam_right    = [1.32126, -0.150436, -0.0235002]';
cam_fpoint   = [0, 0, 1]';
cam_angle    = 90;
