cam_pos      = [2.1876, 1.22338, 0.773852]';
cam_dir      = [0.0794788, 0.259382, 0.962499]';
cam_up       = [0.104906, 0.958015, -0.266836]';
cam_lookat   = [0, 0, 1]';
cam_sky      = [0, 1, 0]';
cam_right    = [1.31843, -0.162499, -0.0650785]';
cam_fpoint   = [0, 0, 1]';
cam_angle    = 90;
