cam_pos      = [1.87959, 1.08788, -0.588408]';
cam_dir      = [0.621237, 0.305043, 0.721812]';
cam_up       = [-0.0662708, 0.938274, -0.339484]';
cam_lookat   = [0, 0, 1]';
cam_sky      = [0, 1, 0]';
cam_right    = [1.03848, -0.216876, -0.802131]';
cam_fpoint   = [0, 0, 1]';
cam_angle    = 90;
