cam_pos      = [1.96627, 1.12864, -0.343479]';
cam_dir      = [0.510845, 0.328613, 0.794387]';
cam_up       = [-0.041975, 0.93249, -0.358749]';
cam_lookat   = [0, 0, 1]';
cam_sky      = [0, 1, 0]';
cam_right    = [1.142, -0.199395, -0.651901]';
cam_fpoint   = [0, 0, 1]';
cam_angle    = 90;
