cam_pos      = [1.22618, 0.967658, -1.4737]';
cam_dir      = [0.915396, 0.263478, -0.304351]';
cam_up       = [-0.30813, 0.94513, -0.108558]';
cam_lookat   = [0, 0, 1]';
cam_sky      = [0, 1, 0]';
cam_right    = [-0.344535, -0.256893, -1.25865]';
cam_fpoint   = [0, 0, 1]';
cam_angle    = 90;
