cam_pos      = [1.90096, 1.10198, -0.520895]';
cam_dir      = [0.588417, 0.312998, 0.745518]';
cam_up       = [-0.0557566, 0.935547, -0.348773]';
cam_lookat   = [0, 0, 1]';
cam_sky      = [0, 1, 0]';
cam_right    = [1.07282, -0.217662, -0.755366]';
cam_fpoint   = [0, 0, 1]';
cam_angle    = 90;
