cam_pos      = [0.277954, 1.03391, -0.642351]';
cam_dir      = [-0.238037, 0.0295715, -0.970806]';
cam_up       = [-0.0269658, 0.99895, 0.0370407]';
cam_lookat   = [0, 0, 1]';
cam_sky      = [0, 1, 0]';
cam_right    = [-1.29127, -0.0465441, 0.315197]';
cam_fpoint   = [0, 0, 1]';
cam_angle    = 90;
