cam_pos      = [0.379986, 0.992809, -0.93542]';
cam_dir      = [0.0949317, 0.0181969, -0.995317]';
cam_up       = [-0.143915, 0.98958, 0.00436561]';
cam_lookat   = [0, 0, 1]';
cam_sky      = [0, 1, 0]';
cam_right    = [-1.31008, -0.18996, -0.128427]';
cam_fpoint   = [0, 0, 1]';
cam_angle    = 90;
