cam_pos      = [1.51316, 1.02173, -1.16889]';
cam_dir      = [0.877001, 0.270727, 0.396958]';
cam_up       = [-0.155161, 0.941464, -0.299284]';
cam_lookat   = [0, 0, 1]';
cam_sky      = [0, 1, 0]';
cam_right    = [0.604812, -0.26717, -1.154]';
cam_fpoint   = [0, 0, 1]';
cam_angle    = 90;
