cam_pos      = [0.32275, 1.34421, 1.35147]';
cam_dir      = [-0.509733, 0.141, -0.8487]';
cam_up       = [0.0561622, 0.989828, 0.130715]';
cam_lookat   = [0, 0, 1]';
cam_sky      = [0, 1, 0]';
cam_right    = [-1.1418, -0.0252236, 0.681581]';
cam_fpoint   = [0, 0, 1]';
cam_angle    = 90;
