cam_pos      = [0.698253, 1.43889, 1.78632]';
cam_dir      = [-0.86895, 0.216798, -0.444887]';
cam_up       = [0.216242, 0.974915, 0.0527241]';
cam_lookat   = [0, 0, 1]';
cam_sky      = [0, 1, 0]';
cam_right    = [-0.59206, 0.067017, 1.18906]';
cam_fpoint   = [0, 0, 1]';
cam_angle    = 90;
