cam_pos      = [0.325524, 0.998978, -0.86248]';
cam_dir      = [-0.00151858, 0.0258064, -0.999666]';
cam_up       = [-0.112305, 0.993338, 0.0258137]';
cam_lookat   = [0, 0, 1]';
cam_sky      = [0, 1, 0]';
cam_right    = [-1.32159, -0.149368, -0.00184833]';
cam_fpoint   = [0, 0, 1]';
cam_angle    = 90;
