cam_pos      = [0.364192, 1.25119, 0.841365]';
cam_dir      = [-0.53505, 0.0495044, -0.843369]';
cam_up       = [0.0644089, 0.997767, 0.017705]';
cam_lookat   = [0, 0, 1]';
cam_sky      = [0, 1, 0]';
cam_right    = [-1.12034, 0.059647, 0.714267]';
cam_fpoint   = [0, 0, 1]';
cam_angle    = 90;
