cam_pos      = [0.32688, 1.3462, 1.36784]';
cam_dir      = [-0.520785, 0.141606, -0.841862]';
cam_up       = [0.0580667, 0.989739, 0.130559]';
cam_lookat   = [0, 0, 1]';
cam_sky      = [0, 1, 0]';
cam_right    = [-1.13278, -0.0254151, 0.696473]';
cam_fpoint   = [0, 0, 1]';
cam_angle    = 90;
