cam_pos      = [1.84648, 1.07607, -0.71231]';
cam_dir      = [0.644315, 0.309836, 0.699185]';
cam_up       = [-0.0796772, 0.936475, -0.341564]';
cam_lookat   = [0, 0, 1]';
cam_sky      = [0, 1, 0]';
cam_right    = [1.0116, -0.218607, -0.835336]';
cam_fpoint   = [0, 0, 1]';
cam_angle    = 90;
