cam_pos      = [2.08927, 1.32875, 1.42035]';
cam_dir      = [-0.531454, 0.280515, 0.799292]';
cam_up       = [0.17178, 0.959661, -0.22258]';
cam_lookat   = [0, 0, 1]';
cam_sky      = [0, 1, 0]';
cam_right    = [1.10322, -0.0252853, 0.74241]';
cam_fpoint   = [0, 0, 1]';
cam_angle    = 90;
