cam_pos      = [1.15486, 1.31699, 0.909105]';
cam_dir      = [-0.0180114, -0.0023264, -0.999835]';
cam_up       = [0.00302778, 0.999993, -0.00238131]';
cam_lookat   = [0, 0, 1]';
cam_sky      = [0, 1, 0]';
cam_right    = [-1.32978, 0.00408333, 0.0239456]';
cam_fpoint   = [0, 0, 1]';
cam_angle    = 90;
