cam_pos      = [2.17032, 1.21732, 0.824275]';
cam_dir      = [0.04099, 0.265846, 0.963144]';
cam_up       = [0.102561, 0.957743, -0.26872]';
cam_lookat   = [0, 0, 1]';
cam_sky      = [0, 1, 0]';
cam_right    = [1.32186, -0.146029, -0.0159499]';
cam_fpoint   = [0, 0, 1]';
cam_angle    = 90;
