cam_pos      = [1.0307, 1.31592, 0.997602]';
cam_dir      = [-0.410736, 0.0464898, -0.910568]';
cam_up       = [0.0986276, 0.995104, 0.00631727]';
cam_lookat   = [0, 0, 1]';
cam_sky      = [0, 1, 0]';
cam_right    = [-1.20552, 0.115992, 0.549702]';
cam_fpoint   = [0, 0, 1]';
cam_angle    = 90;
