cam_pos      = [2.18632, 1.22328, 0.767176]';
cam_dir      = [0.0858259, 0.257969, 0.962334]';
cam_up       = [0.104232, 0.958272, -0.266176]';
cam_lookat   = [0, 0, 1]';
cam_sky      = [0, 1, 0]';
cam_right    = [1.31782, -0.163791, -0.0736233]';
cam_fpoint   = [0, 0, 1]';
cam_angle    = 90;
