cam_pos      = [0.256597, 1.04523, -0.471847]';
cam_dir      = [-0.347023, 0.00709533, -0.93783]';
cam_up       = [0.00104732, 0.999974, 0.00717795]';
cam_lookat   = [0, 0, 1]';
cam_sky      = [0, 1, 0]';
cam_right    = [-1.24735, -0.00200658, 0.461538]';
cam_fpoint   = [0, 0, 1]';
cam_angle    = 90;
