cam_pos      = [1.94336, 1.12549, -0.407045]';
cam_dir      = [0.536961, 0.323901, 0.778949]';
cam_up       = [-0.0447924, 0.932999, -0.35708]';
cam_lookat   = [0, 0, 1]';
cam_sky      = [0, 1, 0]';
cam_right    = [1.12041, -0.208607, -0.685604]';
cam_fpoint   = [0, 0, 1]';
cam_angle    = 90;
