cam_pos      = [2.20385, 1.19456, 0.620378]';
cam_dir      = [0.170544, 0.272361, 0.946961]';
cam_up       = [0.0800926, 0.954028, -0.288818]';
cam_lookat   = [0, 0, 1]';
cam_sky      = [0, 1, 0]';
cam_right    = [1.30618, -0.166384, -0.187384]';
cam_fpoint   = [0, 0, 1]';
cam_angle    = 90;
