cam_pos      = [0.524374, 1.28157, 0.976947]';
cam_dir      = [-0.569948, 0.0664796, -0.818987]';
cam_up       = [0.0908247, 0.995711, 0.0176183]';
cam_lookat   = [0, 0, 1]';
cam_sky      = [0, 1, 0]';
cam_right    = [-1.08614, 0.0855758, 0.76281]';
cam_fpoint   = [0, 0, 1]';
cam_angle    = 90;
