cam_pos      = [0.514679, 0.971743, -1.02925]';
cam_dir      = [0.171439, -0.00242951, -0.985192]';
cam_up       = [-0.148771, 0.988466, -0.0283261]';
cam_lookat   = [0, 0, 1]';
cam_sky      = [0, 1, 0]';
cam_right    = [-1.29528, -0.201394, -0.224903]';
cam_fpoint   = [0, 0, 1]';
cam_angle    = 90;
