cam_pos      = [0.285432, 1.02296, -0.698271]';
cam_dir      = [-0.210345, 0.0344351, -0.977021]';
cam_up       = [-0.0345399, 0.998494, 0.0426281]';
cam_lookat   = [0, 0, 1]';
cam_sky      = [0, 1, 0]';
cam_right    = [-1.29943, -0.056808, 0.277756]';
cam_fpoint   = [0, 0, 1]';
cam_angle    = 90;
