cam_pos      = [0.104785, 1.21769, 0.363614]';
cam_dir      = [-0.259002, 0.0325327, -0.965329]';
cam_up       = [0.0247097, 0.999329, 0.0270488]';
cam_lookat   = [0, 0, 1]';
cam_sky      = [0, 1, 0]';
cam_right    = [-1.2842, 0.0224069, 0.345311]';
cam_fpoint   = [0, 0, 1]';
cam_angle    = 90;
