cam_pos      = [0.198439, 1.20458, 0.597445]';
cam_dir      = [-0.417041, 0.0111253, -0.90882]';
cam_up       = [0.0265468, 0.999648, 5.53124e-05]';
cam_lookat   = [0, 0, 1]';
cam_sky      = [0, 1, 0]';
cam_right    = [-1.2083, 0.0320573, 0.554861]';
cam_fpoint   = [0, 0, 1]';
cam_angle    = 90;
