cam_pos      = [0.522677, 0.973121, -1.03102]';
cam_dir      = [0.175201, -0.00400816, -0.984525]';
cam_up       = [-0.148065, 0.988511, -0.0303733]';
cam_lookat   = [0, 0, 1]';
cam_sky      = [0, 1, 0]';
cam_right    = [-1.29454, -0.200956, -0.229551]';
cam_fpoint   = [0, 0, 1]';
cam_angle    = 90;
