cam_pos      = [0.327306, 1.3486, 1.37526]';
cam_dir      = [-0.526056, 0.142151, -0.838486]';
cam_up       = [0.060364, 0.989686, 0.129913]';
cam_lookat   = [0, 0, 1]';
cam_sky      = [0, 1, 0]';
cam_right    = [-1.12825, -0.0235769, 0.703851]';
cam_fpoint   = [0, 0, 1]';
cam_angle    = 90;
