cam_pos      = [1.88825, 1.09171, -0.56467]';
cam_dir      = [0.61091, 0.307942, 0.729356]';
cam_up       = [-0.0649801, 0.937648, -0.341458]';
cam_lookat   = [0, 0, 1]';
cam_sky      = [0, 1, 0]';
cam_right    = [1.04941, -0.214404, -0.788463]';
cam_fpoint   = [0, 0, 1]';
cam_angle    = 90;
