cam_pos      = [1.95758, 1.36227, 1.62193]';
cam_dir      = [-0.669998, 0.296676, 0.680504]';
cam_up       = [0.201043, 0.954931, -0.218377]';
cam_lookat   = [0, 0, 1]';
cam_sky      = [0, 1, 0]';
cam_right    = [0.950446, 0.012637, 0.930265]';
cam_fpoint   = [0, 0, 1]';
cam_angle    = 90;
