cam_pos      = [0.972688, 0.931786, -1.33808]';
cam_dir      = [0.674397, 0.0687648, -0.73516]';
cam_up       = [-0.226959, 0.966757, -0.117773]';
cam_lookat   = [0, 0, 1]';
cam_sky      = [0, 1, 0]';
cam_right    = [-0.934487, -0.327548, -0.887888]';
cam_fpoint   = [0, 0, 1]';
cam_angle    = 90;
