cam_pos      = [2.15512, 1.30318, 1.29784]';
cam_dir      = [-0.445764, 0.283095, 0.849206]';
cam_up       = [0.161601, 0.958537, -0.234715]';
cam_lookat   = [0, 0, 1]';
cam_sky      = [0, 1, 0]';
cam_right    = [1.17099, -0.0433647, 0.62913]';
cam_fpoint   = [0, 0, 1]';
cam_angle    = 90;
