cam_pos      = [0.229864, 1.31072, 1.05178]';
cam_dir      = [-0.367323, 0.0984514, -0.924868]';
cam_up       = [0.0214712, 0.995015, 0.0973909]';
cam_lookat   = [0, 0, 1]';
cam_sky      = [0, 1, 0]';
cam_right    = [-1.2367, -0.0211681, 0.488915]';
cam_fpoint   = [0, 0, 1]';
cam_angle    = 90;
