cam_pos      = [0.506438, 1.27947, 0.965857]';
cam_dir      = [-0.568906, 0.0685984, -0.819537]';
cam_up       = [0.091316, 0.995622, 0.0199477]';
cam_lookat   = [0, 0, 1]';
cam_sky      = [0, 1, 0]';
cam_right    = [-1.08703, 0.0844397, 0.761664]';
cam_fpoint   = [0, 0, 1]';
cam_angle    = 90;
