cam_pos      = [0.241155, 1.31236, 1.08475]';
cam_dir      = [-0.385369, 0.102185, -0.917087]';
cam_up       = [0.0243325, 0.994629, 0.1006]';
cam_lookat   = [0, 0, 1]';
cam_sky      = [0, 1, 0]';
cam_right    = [-1.22685, -0.0218828, 0.513095]';
cam_fpoint   = [0, 0, 1]';
cam_angle    = 90;
