cam_pos      = [1.16319, 0.950364, -1.41008]';
cam_dir      = [0.825825, 0.126311, -0.549598]';
cam_up       = [-0.218978, 0.969942, -0.10612]';
cam_lookat   = [0, 0, 1]';
cam_sky      = [0, 1, 0]';
cam_right    = [-0.691166, -0.276623, -1.10212]';
cam_fpoint   = [0, 0, 1]';
cam_angle    = 90;
