cam_pos      = [2.20197, 1.19769, 0.629889]';
cam_dir      = [0.163927, 0.27057, 0.948641]';
cam_up       = [0.0821593, 0.954564, -0.286457]';
cam_lookat   = [0, 0, 1]';
cam_sky      = [0, 1, 0]';
cam_right    = [1.30745, -0.166114, -0.178551]';
cam_fpoint   = [0, 0, 1]';
cam_angle    = 90;
