cam_pos      = [0.308227, 1.00754, -0.825001]';
cam_dir      = [-0.0450635, 0.0213159, -0.998757]';
cam_up       = [-0.0925987, 0.995379, 0.0254218]';
cam_lookat   = [0, 0, 1]';
cam_sky      = [0, 1, 0]';
cam_right    = [-1.32293, -0.124527, 0.0570323]';
cam_fpoint   = [0, 0, 1]';
cam_angle    = 90;
