cam_pos      = [1.97645, 1.36095, 1.60003]';
cam_dir      = [-0.653617, 0.293724, 0.697504]';
cam_up       = [0.1937, 0.955845, -0.221001]';
cam_lookat   = [0, 0, 1]';
cam_sky      = [0, 1, 0]';
cam_right    = [0.973053, 0.012427, 0.906594]';
cam_fpoint   = [0, 0, 1]';
cam_angle    = 90;
