cam_pos      = [0.172714, 1.28918, 0.893414]';
cam_dir      = [-0.293841, 0.0775603, -0.952702]';
cam_up       = [0.00410393, 0.996796, 0.0798842]';
cam_lookat   = [0, 0, 1]';
cam_sky      = [0, 1, 0]';
cam_right    = [-1.27128, -0.0260193, 0.38998]';
cam_fpoint   = [0, 0, 1]';
cam_angle    = 90;
