cam_pos      = [2.17283, 1.29737, 1.27137]';
cam_dir      = [-0.438879, 0.283212, 0.852746]';
cam_up       = [0.160337, 0.958481, -0.235809]';
cam_lookat   = [0, 0, 1]';
cam_sky      = [0, 1, 0]';
cam_right    = [1.17589, -0.0442029, 0.619869]';
cam_fpoint   = [0, 0, 1]';
cam_angle    = 90;
