cam_pos      = [0.183435, 1.14692, 0.130709]';
cam_dir      = [-0.447889, 0.000484151, -0.894089]';
cam_up       = [0.0341855, 0.999278, -0.0165839]';
cam_lookat   = [0, 0, 1]';
cam_sky      = [0, 1, 0]';
cam_right    = [-1.18827, 0.0505303, 0.595284]';
cam_fpoint   = [0, 0, 1]';
cam_angle    = 90;
