cam_pos      = [2.06454, 1.18307, 0.112913]';
cam_dir      = [0.359217, 0.33904, 0.869491]';
cam_up       = [-0.00477008, 0.932332, -0.361573]';
cam_lookat   = [0, 0, 1]';
cam_sky      = [0, 1, 0]';
cam_right    = [1.24121, -0.167229, -0.447581]';
cam_fpoint   = [0, 0, 1]';
cam_angle    = 90;
