cam_pos      = [1.85812, 1.07851, -0.667821]';
cam_dir      = [0.639473, 0.304314, 0.706022]';
cam_up       = [-0.0775884, 0.939183, -0.334537]';
cam_lookat   = [0, 0, 1]';
cam_sky      = [0, 1, 0]';
cam_right    = [1.0173, -0.211667, -0.830177]';
cam_fpoint   = [0, 0, 1]';
cam_angle    = 90;
