cam_pos      = [0.774373, 0.9605, -1.16278]';
cam_dir      = [0.391886, 0.0215732, -0.919761]';
cam_up       = [-0.185071, 0.981137, -0.0558411]';
cam_lookat   = [0, 0, 1]';
cam_sky      = [0, 1, 0]';
cam_right    = [-1.19861, -0.255498, -0.516688]';
cam_fpoint   = [0, 0, 1]';
cam_angle    = 90;
