cam_pos      = [2.06811, 1.19133, 0.192942]';
cam_dir      = [0.346, 0.342374, 0.873535]';
cam_up       = [0.0120389, 0.929345, -0.369016]';
cam_lookat   = [0, 0, 1]';
cam_sky      = [0, 1, 0]';
cam_right    = [1.24775, -0.183801, -0.422185]';
cam_fpoint   = [0, 0, 1]';
cam_angle    = 90;
