cam_pos      = [0.676432, 1.30222, 1.04325]';
cam_dir      = [-0.547672, 0.0809236, -0.832771]';
cam_up       = [0.10848, 0.993778, 0.0252275]';
cam_lookat   = [0, 0, 1]';
cam_sky      = [0, 1, 0]';
cam_right    = [-1.10341, 0.101775, 0.735547]';
cam_fpoint   = [0, 0, 1]';
cam_angle    = 90;
