cam_pos      = [0.441845, 1.41095, 1.60727]';
cam_dir      = [-0.660182, 0.188108, -0.727169]';
cam_up       = [0.134667, 0.982088, 0.13179]';
cam_lookat   = [0, 0, 1]';
cam_sky      = [0, 1, 0]';
cam_right    = [-0.982782, 0.014524, 0.896006]';
cam_fpoint   = [0, 0, 1]';
cam_angle    = 90;
