cam_pos      = [0.184454, 1.14949, 0.142735]';
cam_dir      = [-0.451474, 0.00221653, -0.892281]';
cam_up       = [0.0365557, 0.999203, -0.0160142]';
cam_lookat   = [0, 0, 1]';
cam_sky      = [0, 1, 0]';
cam_right    = [-1.18574, 0.0529978, 0.600089]';
cam_fpoint   = [0, 0, 1]';
cam_angle    = 90;
