cam_pos      = [1.47506, 1.40936, 1.86365]';
cam_dir      = [-0.938996, 0.257312, 0.228204]';
cam_up       = [0.238111, 0.965158, -0.108504]';
cam_lookat   = [0, 0, 1]';
cam_sky      = [0, 1, 0]';
cam_right    = [0.330069, 0.0632379, 1.28684]';
cam_fpoint   = [0, 0, 1]';
cam_angle    = 90;
