cam_pos      = [2.20143, 1.20885, 0.717482]';
cam_dir      = [0.123409, 0.248725, 0.96068]';
cam_up       = [0.0979946, 0.960294, -0.261213]';
cam_lookat   = [0, 0, 1]';
cam_sky      = [0, 1, 0]';
cam_right    = [1.31338, -0.168081, -0.1252]';
cam_fpoint   = [0, 0, 1]';
cam_angle    = 90;
