cam_pos      = [1.81041, 1.38112, 1.76007]';
cam_dir      = [-0.827766, 0.283773, 0.484021]';
cam_up       = [0.231776, 0.958568, -0.165612]';
cam_lookat   = [0, 0, 1]';
cam_sky      = [0, 1, 0]';
cam_right    = [0.679581, 0.0331223, 1.14279]';
cam_fpoint   = [0, 0, 1]';
cam_angle    = 90;
