cam_pos      = [0.259121, 1.32311, 1.14255]';
cam_dir      = [-0.419746, 0.108832, -0.901093]';
cam_up       = [0.0308171, 0.993922, 0.105688]';
cam_lookat   = [0, 0, 1]';
cam_sky      = [0, 1, 0]';
cam_right    = [-1.20647, -0.022069, 0.55933]';
cam_fpoint   = [0, 0, 1]';
cam_angle    = 90;
