cam_pos      = [0.54946, 1.42855, 1.70712]';
cam_dir      = [-0.779916, 0.20811, -0.590272]';
cam_up       = [0.176463, 0.977956, 0.111636]';
cam_lookat   = [0, 0, 1]';
cam_sky      = [0, 1, 0]';
cam_right    = [-0.798656, 0.0227354, 1.06326]';
cam_fpoint   = [0, 0, 1]';
cam_angle    = 90;
