cam_pos      = [0.653392, 1.29947, 1.03682]';
cam_dir      = [-0.55309, 0.0814813, -0.829127]';
cam_up       = [0.11114, 0.993527, 0.0234987]';
cam_lookat   = [0, 0, 1]';
cam_sky      = [0, 1, 0]';
cam_right    = [-1.09815, 0.105273, 0.742893]';
cam_fpoint   = [0, 0, 1]';
cam_angle    = 90;
