cam_pos      = [0.209346, 1.29926, 0.99646]';
cam_dir      = [-0.338357, 0.0946948, -0.936241]';
cam_up       = [0.0142721, 0.995326, 0.0955129]';
cam_lookat   = [0, 0, 1]';
cam_sky      = [0, 1, 0]';
cam_right    = [-1.25141, -0.0252105, 0.449709]';
cam_fpoint   = [0, 0, 1]';
cam_angle    = 90;
