cam_pos      = [2.02033, 1.14694, -0.148545]';
cam_dir      = [0.400168, 0.343323, 0.849703]';
cam_up       = [-0.00841787, 0.928514, -0.371202]';
cam_lookat   = [0, 0, 1]';
cam_sky      = [0, 1, 0]';
cam_right    = [1.21882, -0.188049, -0.498021]';
cam_fpoint   = [0, 0, 1]';
cam_angle    = 90;
