cam_pos      = [1.84859, 1.38048, 1.74042]';
cam_dir      = [-0.800228, 0.283819, 0.528283]';
cam_up       = [0.221105, 0.958491, -0.180023]';
cam_lookat   = [0, 0, 1]';
cam_sky      = [0, 1, 0]';
cam_right    = [0.741406, 0.0362474, 1.10359]';
cam_fpoint   = [0, 0, 1]';
cam_angle    = 90;
