cam_pos      = [0.403714, 1.38879, 1.55071]';
cam_dir      = [-0.63123, 0.165754, -0.757677]';
cam_up       = [0.106129, 0.986167, 0.127323]';
cam_lookat   = [0, 0, 1]';
cam_sky      = [0, 1, 0]';
cam_right    = [-1.02184, 5.53178e-05, 0.851318]';
cam_fpoint   = [0, 0, 1]';
cam_angle    = 90;
