cam_pos      = [0.539579, 1.28359, 0.986336]';
cam_dir      = [-0.569252, 0.0692841, -0.819238]';
cam_up       = [0.0952346, 0.995292, 0.017999]';
cam_lookat   = [0, 0, 1]';
cam_sky      = [0, 1, 0]';
cam_right    = [-1.08612, 0.0901392, 0.762317]';
cam_fpoint   = [0, 0, 1]';
cam_angle    = 90;
