cam_pos      = [0.0855881, 1.2122, 0.293335]';
cam_dir      = [-0.264958, 0.0362961, -0.963577]';
cam_up       = [0.0277929, 0.999164, 0.0299943]';
cam_lookat   = [0, 0, 1]';
cam_sky      = [0, 1, 0]';
cam_right    = [-1.28193, 0.0250484, 0.353441]';
cam_fpoint   = [0, 0, 1]';
cam_angle    = 90;
