cam_pos      = [2.12472, 1.20987, 0.414942]';
cam_dir      = [0.254444, 0.336373, 0.906704]';
cam_up       = [0.0389413, 0.933237, -0.357145]';
cam_lookat   = [0, 0, 1]';
cam_sky      = [0, 1, 0]';
cam_right    = [1.28518, -0.167822, -0.298396]';
cam_fpoint   = [0, 0, 1]';
cam_angle    = 90;
