cam_pos      = [0.0796978, 1.20483, 0.233292]';
cam_dir      = [-0.242111, 0.0385356, -0.969483]';
cam_up       = [0.0142928, 0.999244, 0.0361492]';
cam_lookat   = [0, 0, 1]';
cam_sky      = [0, 1, 0]';
cam_right    = [-1.29029, 0.006789, 0.322497]';
cam_fpoint   = [0, 0, 1]';
cam_angle    = 90;
