cam_pos      = [1.71139, 1.38893, 1.80776]';
cam_dir      = [-0.869932, 0.275943, 0.408747]';
cam_up       = [0.23476, 0.960589, -0.148851]';
cam_lookat   = [0, 0, 1]';
cam_sky      = [0, 1, 0]';
cam_right    = [0.576837, 0.0445992, 1.19757]';
cam_fpoint   = [0, 0, 1]';
cam_angle    = 90;
