cam_pos      = [2.16544, 1.3, 1.28053]';
cam_dir      = [-0.441179, 0.282584, 0.851767]';
cam_up       = [0.16005, 0.958689, -0.235158]';
cam_lookat   = [0, 0, 1]';
cam_sky      = [0, 1, 0]';
cam_right    = [1.17443, -0.0433295, 0.622681]';
cam_fpoint   = [0, 0, 1]';
cam_angle    = 90;
