cam_pos      = [0.743079, 1.43813, 1.80537]';
cam_dir      = [-0.889201, 0.222454, -0.399795]';
cam_up       = [0.224051, 0.97361, 0.0434161]';
cam_lookat   = [0, 0, 1]';
cam_sky      = [0, 1, 0]';
cam_right    = [-0.53054, 0.0677884, 1.21772]';
cam_fpoint   = [0, 0, 1]';
cam_angle    = 90;
