cam_pos      = [0.151198, 1.25139, 0.753054]';
cam_dir      = [-0.278369, 0.057905, -0.958727]';
cam_up       = [0.00930767, 0.998297, 0.0575924]';
cam_lookat   = [0, 0, 1]';
cam_sky      = [0, 1, 0]';
cam_right    = [-1.27737, -0.0094542, 0.370317]';
cam_fpoint   = [0, 0, 1]';
cam_angle    = 90;
