cam_pos      = [2.08121, 1.33071, 1.43512]';
cam_dir      = [-0.547137, 0.283266, 0.787656]';
cam_up       = [0.174201, 0.958928, -0.223854]';
cam_lookat   = [0, 0, 1]';
cam_sky      = [0, 1, 0]';
cam_right    = [1.08889, -0.0195928, 0.763433]';
cam_fpoint   = [0, 0, 1]';
cam_angle    = 90;
