cam_pos      = [0.17349, 1.12477, 0.0100453]';
cam_dir      = [-0.424171, -0.00560475, -0.905565]';
cam_up       = [0.0221774, 0.999617, -0.0165749]';
cam_lookat   = [0, 0, 1]';
cam_sky      = [0, 1, 0]';
cam_right    = [-1.20406, 0.0360611, 0.563766]';
cam_fpoint   = [0, 0, 1]';
cam_angle    = 90;
