cam_pos      = [1.10474, 1.29987, 0.952412]';
cam_dir      = [-0.185347, 0.0148722, -0.982561]';
cam_up       = [0.0406638, 0.999145, 0.00745255]';
cam_lookat   = [0, 0, 1]';
cam_sky      = [0, 1, 0]';
cam_right    = [-1.30584, 0.0513026, 0.247105]';
cam_fpoint   = [0, 0, 1]';
cam_angle    = 90;
