cam_pos      = [0.717678, 0.962132, -1.12294]';
cam_dir      = [0.319411, 0.014417, -0.947507]';
cam_up       = [-0.179481, 0.982706, -0.0455517]';
cam_lookat   = [0, 0, 1]';
cam_sky      = [0, 1, 0]';
cam_right    = [-1.23752, -0.24553, -0.420912]';
cam_fpoint   = [0, 0, 1]';
cam_angle    = 90;
