cam_pos      = [2.13356, 1.20733, 0.429184]';
cam_dir      = [0.250221, 0.336619, 0.907787]';
cam_up       = [0.0409761, 0.933092, -0.357297]';
cam_lookat   = [0, 0, 1]';
cam_sky      = [0, 1, 0]';
cam_right    = [1.28654, -0.168379, -0.292182]';
cam_fpoint   = [0, 0, 1]';
cam_angle    = 90;
