cam_pos      = [2.21066, 1.28295, 1.15886]';
cam_dir      = [-0.360018, 0.277016, 0.89087]';
cam_up       = [0.151869, 0.959565, -0.237004]';
cam_lookat   = [0, 0, 1]';
cam_sky      = [0, 1, 0]';
cam_right    = [1.22427, -0.0664601, 0.515416]';
cam_fpoint   = [0, 0, 1]';
cam_angle    = 90;
