cam_pos      = [0.186515, 1.15645, 0.194694]';
cam_dir      = [-0.457889, -0.00180147, -0.889008]';
cam_up       = [0.0335825, 0.999249, -0.0193217]';
cam_lookat   = [0, 0, 1]';
cam_sky      = [0, 1, 0]';
cam_right    = [-1.18154, 0.0514741, 0.608455]';
cam_fpoint   = [0, 0, 1]';
cam_angle    = 90;
