cam_pos      = [2.17017, 1.19673, 0.509513]';
cam_dir      = [0.229523, 0.307254, 0.923534]';
cam_up       = [0.0653564, 0.941858, -0.329593]';
cam_lookat   = [0, 0, 1]';
cam_sky      = [0, 1, 0]';
cam_right    = [1.29157, -0.180891, -0.260809]';
cam_fpoint   = [0, 0, 1]';
cam_angle    = 90;
