cam_pos      = [0.668712, 0.966227, -1.0958]';
cam_dir      = [0.260365, 0.00623863, -0.96549]';
cam_up       = [-0.167162, 0.985169, -0.038713]';
cam_lookat   = [0, 0, 1]';
cam_sky      = [0, 1, 0]';
cam_right    = [-1.26474, -0.228059, -0.342536]';
cam_fpoint   = [0, 0, 1]';
cam_angle    = 90;
