cam_pos      = [1.14953, 1.3152, 0.909446]';
cam_dir      = [-0.0155721, -0.00690361, -0.999855]';
cam_up       = [4.58431e-05, 0.999976, -0.00690516]';
cam_lookat   = [0, 0, 1]';
cam_sky      = [0, 1, 0]';
cam_right    = [-1.32984, 0.000203974, 0.02071]';
cam_fpoint   = [0, 0, 1]';
cam_angle    = 90;
