cam_pos      = [0.397263, 1.25934, 0.880027]';
cam_dir      = [-0.55152, 0.0589791, -0.832074]';
cam_up       = [0.0778134, 0.996785, 0.0190774]';
cam_lookat   = [0, 0, 1]';
cam_sky      = [0, 1, 0]';
cam_right    = [-1.1046, 0.0721191, 0.737268]';
cam_fpoint   = [0, 0, 1]';
cam_angle    = 90;
