cam_pos      = [1.1681, 1.44404, 1.91863]';
cam_dir      = [-0.969508, 0.238754, -0.0552336]';
cam_up       = [0.241338, 0.969348, -0.0460575]';
cam_lookat   = [0, 0, 1]';
cam_sky      = [0, 1, 0]';
cam_right    = [-0.0565837, 0.0771175, 1.32656]';
cam_fpoint   = [0, 0, 1]';
cam_angle    = 90;
