cam_pos      = [0.60186, 0.966678, -1.06615]';
cam_dir      = [0.204952, -0.00103595, -0.978771]';
cam_up       = [-0.153991, 0.987511, -0.0332905]';
cam_lookat   = [0, 0, 1]';
cam_sky      = [0, 1, 0]';
cam_right    = [-1.28555, -0.209535, -0.26897]';
cam_fpoint   = [0, 0, 1]';
cam_angle    = 90;
