cam_pos      = [1.10019, 1.30424, 0.949508]';
cam_dir      = [-0.163009, 0.0110031, -0.986563]';
cam_up       = [0.0363924, 0.999324, 0.00513234]';
cam_lookat   = [0, 0, 1]';
cam_sky      = [0, 1, 0]';
cam_right    = [-1.31132, 0.0466388, 0.217188]';
cam_fpoint   = [0, 0, 1]';
cam_angle    = 90;
