cam_pos      = [1.32226, 1.42227, 1.8971]';
cam_dir      = [-0.963327, 0.250536, 0.0960832]';
cam_up       = [0.242785, 0.966307, -0.0854776]';
cam_lookat   = [0, 0, 1]';
cam_sky      = [0, 1, 0]';
cam_right    = [0.151967, 0.0784903, 1.31896]';
cam_fpoint   = [0, 0, 1]';
cam_angle    = 90;
