cam_pos      = [0.104081, 1.18766, 0.0460226]';
cam_dir      = [-0.162453, 0.0525254, -0.985317]';
cam_up       = [-0.0128387, 0.998385, 0.0553388]';
cam_lookat   = [0, 0, 1]';
cam_sky      = [0, 1, 0]';
cam_right    = [-1.31222, -0.0287813, 0.214816]';
cam_fpoint   = [0, 0, 1]';
cam_angle    = 90;
