cam_pos      = [0.0955185, 1.21527, 0.3327]';
cam_dir      = [-0.264316, 0.0293021, -0.963991]';
cam_up       = [0.0259569, 0.999392, 0.0232611]';
cam_lookat   = [0, 0, 1]';
cam_sky      = [0, 1, 0]';
cam_right    = [-1.28224, 0.0251023, 0.352338]';
cam_fpoint   = [0, 0, 1]';
cam_angle    = 90;
