cam_pos      = [0.333398, 0.997658, -0.877158]';
cam_dir      = [0.0276413, 0.0183271, -0.99945]';
cam_up       = [-0.120013, 0.992661, 0.0148834]';
cam_lookat   = [0, 0, 1]';
cam_sky      = [0, 1, 0]';
cam_right    = [-1.31987, -0.158983, -0.0394184]';
cam_fpoint   = [0, 0, 1]';
cam_angle    = 90;
