cam_pos      = [0.297057, 1.01368, -0.778093]';
cam_dir      = [-0.11836, 0.0273971, -0.992593]';
cam_up       = [-0.0706424, 0.996854, 0.0359384]';
cam_lookat   = [0, 0, 1]';
cam_sky      = [0, 1, 0]';
cam_right    = [-1.31731, -0.0989158, 0.154349]';
cam_fpoint   = [0, 0, 1]';
cam_angle    = 90;
