cam_pos      = [2.15637, 1.20137, 0.472614]';
cam_dir      = [0.238132, 0.322792, 0.916023]';
cam_up       = [0.0522932, 0.937526, -0.343963]';
cam_lookat   = [0, 0, 1]';
cam_sky      = [0, 1, 0]';
cam_right    = [1.28987, -0.172647, -0.274479]';
cam_fpoint   = [0, 0, 1]';
cam_angle    = 90;
