cam_pos      = [1.76065, 1.0599, -0.875242]';
cam_dir      = [0.675799, 0.309221, 0.669088]';
cam_up       = [-0.0899353, 0.935557, -0.341534]';
cam_lookat   = [0, 0, 1]';
cam_sky      = [0, 1, 0]';
cam_right    = [0.973, -0.226943, -0.877877]';
cam_fpoint   = [0, 0, 1]';
cam_angle    = 90;
