cam_pos      = [1.13175, 1.31544, 0.931464]';
cam_dir      = [-0.0476328, -0.00305692, -0.99886]';
cam_up       = [0.0151419, 0.999878, -0.00378211]';
cam_lookat   = [0, 0, 1]';
cam_sky      = [0, 1, 0]';
cam_right    = [-1.32834, 0.0203554, 0.0632823]';
cam_fpoint   = [0, 0, 1]';
cam_angle    = 90;
