cam_pos      = [1.03627, 0.935551, -1.36541]';
cam_dir      = [0.74821, 0.0955466, -0.656546]';
cam_up       = [-0.229165, 0.965888, -0.120595]';
cam_lookat   = [0, 0, 1]';
cam_sky      = [0, 1, 0]';
cam_right    = [-0.828095, -0.320115, -0.990295]';
cam_fpoint   = [0, 0, 1]';
cam_angle    = 90;
