cam_pos      = [0.176705, 1.19633, 0.464758]';
cam_dir      = [-0.420552, 0.00449088, -0.907257]';
cam_up       = [0.0243628, 0.999683, -0.00634481]';
cam_lookat   = [0, 0, 1]';
cam_sky      = [0, 1, 0]';
cam_right    = [-1.20623, 0.0329464, 0.559302]';
cam_fpoint   = [0, 0, 1]';
cam_angle    = 90;
