cam_pos      = [0.126006, 1.22203, 0.438674]';
cam_dir      = [-0.252851, 0.0283906, -0.967089]';
cam_up       = [0.0162031, 0.999553, 0.0251073]';
cam_lookat   = [0, 0, 1]';
cam_sky      = [0, 1, 0]';
cam_right    = [-1.2866, 0.0123975, 0.336753]';
cam_fpoint   = [0, 0, 1]';
cam_angle    = 90;
