cam_pos      = [2.15819, 1.24698, 0.921595]';
cam_dir      = [-0.0748344, 0.260647, 0.962529]';
cam_up       = [0.101179, 0.962239, -0.252702]';
cam_lookat   = [0, 0, 1]';
cam_sky      = [0, 1, 0]';
cam_right    = [1.31943, -0.104374, 0.130846]';
cam_fpoint   = [0, 0, 1]';
cam_angle    = 90;
