cam_pos      = [2.11861, 1.20384, 0.398398]';
cam_dir      = [0.259604, 0.343822, 0.902437]';
cam_up       = [0.0267494, 0.931556, -0.362612]';
cam_lookat   = [0, 0, 1]';
cam_sky      = [0, 1, 0]';
cam_right    = [1.28391, -0.157306, -0.30941]';
cam_fpoint   = [0, 0, 1]';
cam_angle    = 90;
