cam_pos      = [0.530484, 1.28152, 0.981244]';
cam_dir      = [-0.569413, 0.0681362, -0.819223]';
cam_up       = [0.0937447, 0.99544, 0.0176338]';
cam_lookat   = [0, 0, 1]';
cam_sky      = [0, 1, 0]';
cam_right    = [-1.0862, 0.0887867, 0.762361]';
cam_fpoint   = [0, 0, 1]';
cam_angle    = 90;
