cam_pos      = [0.50614, 0.969648, -1.02767]';
cam_dir      = [0.166313, 0.00431697, -0.986064]';
cam_up       = [-0.149702, 0.98851, -0.0209216]';
cam_lookat   = [0, 0, 1]';
cam_sky      = [0, 1, 0]';
cam_right    = [-1.29628, -0.200956, -0.219514]';
cam_fpoint   = [0, 0, 1]';
cam_angle    = 90;
