cam_pos      = [0.332555, 1.35186, 1.3929]';
cam_dir      = [-0.538365, 0.147551, -0.829694]';
cam_up       = [0.0705877, 0.988988, 0.130077]';
cam_lookat   = [0, 0, 1]';
cam_sky      = [0, 1, 0]';
cam_right    = [-1.11687, -0.0152455, 0.721993]';
cam_fpoint   = [0, 0, 1]';
cam_angle    = 90;
