cam_pos      = [0.249777, 1.21651, 0.689258]';
cam_dir      = [-0.467406, 0.023745, -0.883724]';
cam_up       = [0.0364568, 0.999307, 0.00756844]';
cam_lookat   = [0, 0, 1]';
cam_sky      = [0, 1, 0]';
cam_right    = [-1.17478, 0.0381447, 0.62237]';
cam_fpoint   = [0, 0, 1]';
cam_angle    = 90;
