cam_pos      = [0.27511, 1.03539, -0.599532]';
cam_dir      = [-0.269382, 0.0334401, -0.962453]';
cam_up       = [-0.0180235, 0.999047, 0.0397561]';
cam_lookat   = [0, 0, 1]';
cam_sky      = [0, 1, 0]';
cam_right    = [-1.28061, -0.0373149, 0.357134]';
cam_fpoint   = [0, 0, 1]';
cam_angle    = 90;
