cam_pos      = [0.149652, 1.22368, 0.625158]';
cam_dir      = [-0.278664, 0.0233213, -0.960105]';
cam_up       = [0.00879326, 0.999725, 0.0217315]';
cam_lookat   = [0, 0, 1]';
cam_sky      = [0, 1, 0]';
cam_right    = [-1.27726, 0.00317427, 0.370795]';
cam_fpoint   = [0, 0, 1]';
cam_angle    = 90;
