cam_pos      = [1.24306, 1.43432, 1.91464]';
cam_dir      = [-0.969544, 0.244273, 0.0177292]';
cam_up       = [0.242372, 0.967364, -0.0739138]';
cam_lookat   = [0, 0, 1]';
cam_sky      = [0, 1, 0]';
cam_right    = [0.0468237, 0.0895964, 1.32615]';
cam_fpoint   = [0, 0, 1]';
cam_angle    = 90;
