cam_pos      = [0.268797, 1.32759, 1.17393]';
cam_dir      = [-0.433131, 0.110811, -0.894493]';
cam_up       = [0.0315476, 0.99367, 0.107821]';
cam_lookat   = [0, 0, 1]';
cam_sky      = [0, 1, 0]';
cam_right    = [-1.19804, -0.0245805, 0.577067]';
cam_fpoint   = [0, 0, 1]';
cam_angle    = 90;
