cam_pos      = [1.55143, 1.39394, 1.85322]';
cam_dir      = [-0.919574, 0.258624, 0.295798]';
cam_up       = [0.234096, 0.965246, -0.116183]';
cam_lookat   = [0, 0, 1]';
cam_sky      = [0, 1, 0]';
cam_right    = [0.419703, 0.0499999, 1.26105]';
cam_fpoint   = [0, 0, 1]';
cam_angle    = 90;
