cam_pos      = [0.317907, 1.00461, -0.845771]';
cam_dir      = [-0.0194939, 0.0250802, -0.999495]';
cam_up       = [-0.105231, 0.994081, 0.0269968]';
cam_lookat   = [0, 0, 1]';
cam_sky      = [0, 1, 0]';
cam_right    = [-1.32236, -0.140586, 0.0222633]';
cam_fpoint   = [0, 0, 1]';
cam_angle    = 90;
