cam_pos      = [1.01507, 0.933381, -1.35597]';
cam_dir      = [0.72749, 0.085397, -0.680783]';
cam_up       = [-0.227089, 0.96627, -0.121461]';
cam_lookat   = [0, 0, 1]';
cam_sky      = [0, 1, 0]';
cam_right    = [-0.861106, -0.323137, -0.960719]';
cam_fpoint   = [0, 0, 1]';
cam_angle    = 90;
