cam_pos      = [0.240782, 1.04809, -0.427937]';
cam_dir      = [-0.3527, 0.00111908, -0.935736]';
cam_up       = [0.0120108, 0.999922, -0.0033313]';
cam_lookat   = [0, 0, 1]';
cam_sky      = [0, 1, 0]';
cam_right    = [-1.24443, 0.0165105, 0.469072]';
cam_fpoint   = [0, 0, 1]';
cam_angle    = 90;
