cam_pos      = [1.46568, 1.40956, 1.86772]';
cam_dir      = [-0.941048, 0.259264, 0.217281]';
cam_up       = [0.240848, 0.964556, -0.107812]';
cam_lookat   = [0, 0, 1]';
cam_sky      = [0, 1, 0]';
cam_right    = [0.315918, 0.065336, 1.29028]';
cam_fpoint   = [0, 0, 1]';
cam_angle    = 90;
