cam_pos      = [0.175798, 1.19419, 0.452593]';
cam_dir      = [-0.422941, 0.00617817, -0.906136]';
cam_up       = [0.0271764, 0.999613, -0.00586912]';
cam_lookat   = [0, 0, 1]';
cam_sky      = [0, 1, 0]';
cam_right    = [-1.20465, 0.0360534, 0.562517]';
cam_fpoint   = [0, 0, 1]';
cam_angle    = 90;
