cam_pos      = [1.24273, 0.967006, -1.51003]';
cam_dir      = [0.957489, 0.28013, -0.0688661]';
cam_up       = [-0.288, 0.94192, -0.172748]';
cam_lookat   = [0, 0, 1]';
cam_sky      = [0, 1, 0]';
cam_right    = [-0.021911, -0.246367, -1.3068]';
cam_fpoint   = [0, 0, 1]';
cam_angle    = 90;
