cam_pos      = [1.82989, 1.37805, 1.74623]';
cam_dir      = [-0.811742, 0.283939, 0.510347]';
cam_up       = [0.22567, 0.958481, -0.174321]';
cam_lookat   = [0, 0, 1]';
cam_sky      = [0, 1, 0]';
cam_right    = [0.71641, 0.0350237, 1.12001]';
cam_fpoint   = [0, 0, 1]';
cam_angle    = 90;
