cam_pos      = [0.251289, 1.31851, 1.12136]';
cam_dir      = [-0.405339, 0.106102, -0.907988]';
cam_up       = [0.0276144, 0.99421, 0.10385]';
cam_lookat   = [0, 0, 1]';
cam_sky      = [0, 1, 0]';
cam_right    = [-1.21529, -0.0226377, 0.539876]';
cam_fpoint   = [0, 0, 1]';
cam_angle    = 90;
