cam_pos      = [0.824023, 0.95574, -1.21074]';
cam_dir      = [0.445298, 0.0339571, -0.894738]';
cam_up       = [-0.197052, 0.978498, -0.0609339]';
cam_lookat   = [0, 0, 1]';
cam_sky      = [0, 1, 0]';
cam_right    = [-1.16166, -0.270581, -0.588411]';
cam_fpoint   = [0, 0, 1]';
cam_angle    = 90;
