cam_pos      = [1.62955, 1.04345, -1.04672]';
cam_dir      = [0.801021, 0.286238, 0.525769]';
cam_up       = [-0.124789, 0.938824, -0.320993]';
cam_lookat   = [0, 0, 1]';
cam_sky      = [0, 1, 0]';
cam_right    = [0.778695, -0.254711, -1.04769]';
cam_fpoint   = [0, 0, 1]';
cam_angle    = 90;
