cam_pos      = [1.04587, 1.31244, 0.98835]';
cam_dir      = [-0.380698, 0.0417869, -0.923755]';
cam_up       = [0.0943826, 0.995517, 0.00613618]';
cam_lookat   = [0, 0, 1]';
cam_sky      = [0, 1, 0]';
cam_right    = [-1.22343, 0.112851, 0.509304]';
cam_fpoint   = [0, 0, 1]';
cam_angle    = 90;
