cam_pos      = [1.43712, 1.41434, 1.87403]';
cam_dir      = [-0.9466, 0.261042, 0.189224]';
cam_up       = [0.244834, 0.963873, -0.10491]';
cam_lookat   = [0, 0, 1]';
cam_sky      = [0, 1, 0]';
cam_right    = [0.278999, 0.0704625, 1.2985]';
cam_fpoint   = [0, 0, 1]';
cam_angle    = 90;
