cam_pos      = [2.11035, 1.3119, 1.37896]';
cam_dir      = [-0.489913, 0.283971, 0.824224]';
cam_up       = [0.168929, 0.958462, -0.22981]';
cam_lookat   = [0, 0, 1]';
cam_sky      = [0, 1, 0]';
cam_right    = [1.13748, -0.0354424, 0.68832]';
cam_fpoint   = [0, 0, 1]';
cam_angle    = 90;
