cam_pos      = [0.492558, 1.27592, 0.95537]';
cam_dir      = [-0.567813, 0.0652651, -0.820566]';
cam_up       = [0.0875002, 0.99599, 0.0186696]';
cam_lookat   = [0, 0, 1]';
cam_sky      = [0, 1, 0]';
cam_right    = [-1.0886, 0.0813945, 0.759757]';
cam_fpoint   = [0, 0, 1]';
cam_angle    = 90;
