cam_pos      = [1.49823, 1.01819, -1.18733]';
cam_dir      = [0.891757, 0.260034, 0.370339]';
cam_up       = [-0.152949, 0.943443, -0.294146]';
cam_lookat   = [0, 0, 1]';
cam_sky      = [0, 1, 0]';
cam_right    = [0.566423, -0.273533, -1.17186]';
cam_fpoint   = [0, 0, 1]';
cam_angle    = 90;
