cam_pos      = [1.22913, 0.972978, -1.43601]';
cam_dir      = [0.8832, 0.236612, -0.404936]';
cam_up       = [-0.289066, 0.954543, -0.0727205]';
cam_lookat   = [0, 0, 1]';
cam_sky      = [0, 1, 0]';
cam_right    = [-0.491198, -0.241102, -1.21223]';
cam_fpoint   = [0, 0, 1]';
cam_angle    = 90;
