cam_pos      = [0.185109, 1.15331, 0.173366]';
cam_dir      = [-0.454958, -0.00101206, -0.890512]';
cam_up       = [0.0382698, 0.999053, -0.0206873]';
cam_lookat   = [0, 0, 1]';
cam_sky      = [0, 1, 0]';
cam_right    = [-1.18329, 0.0578438, 0.60447]';
cam_fpoint   = [0, 0, 1]';
cam_angle    = 90;
