cam_pos      = [0.32934, 1.237, 0.797253]';
cam_dir      = [-0.513377, 0.0387206, -0.857289]';
cam_up       = [0.0485088, 0.998694, 0.0160584]';
cam_lookat   = [0, 0, 1]';
cam_sky      = [0, 1, 0]';
cam_right    = [-1.13953, 0.044345, 0.684398]';
cam_fpoint   = [0, 0, 1]';
cam_angle    = 90;
