cam_pos      = [1.56097, 1.03519, -1.1182]';
cam_dir      = [0.84687, 0.277894, 0.453417]';
cam_up       = [-0.1407, 0.939307, -0.312898]';
cam_lookat   = [0, 0, 1]';
cam_sky      = [0, 1, 0]';
cam_right    = [0.682091, -0.26758, -1.10998]';
cam_fpoint   = [0, 0, 1]';
cam_angle    = 90;
