cam_pos      = [1.56317, 1.39616, 1.85329]';
cam_dir      = [-0.916958, 0.259622, 0.30296]';
cam_up       = [0.234412, 0.965012, -0.117484]';
cam_lookat   = [0, 0, 1]';
cam_sky      = [0, 1, 0]';
cam_right    = [0.429406, 0.048825, 1.25783]';
cam_fpoint   = [0, 0, 1]';
cam_angle    = 90;
