cam_pos      = [2.19277, 1.26335, 1.06538]';
cam_dir      = [-0.254718, 0.269432, 0.928722]';
cam_up       = [0.131177, 0.961151, -0.242862]';
cam_lookat   = [0, 0, 1]';
cam_sky      = [0, 1, 0]';
cam_right    = [1.27424, -0.0797544, 0.372621]';
cam_fpoint   = [0, 0, 1]';
cam_angle    = 90;
