cam_pos      = [1.26737, 0.975193, -1.49525]';
cam_dir      = [0.960303, 0.278951, 0.0020547]';
cam_up       = [-0.272758, 0.940478, -0.202743]';
cam_lookat   = [0, 0, 1]';
cam_sky      = [0, 1, 0]';
cam_right    = [0.0777885, -0.258198, -1.30238]';
cam_fpoint   = [0, 0, 1]';
cam_angle    = 90;
