cam_pos      = [0.699482, 1.30182, 1.04806]';
cam_dir      = [-0.536998, 0.0788009, -0.839895]';
cam_up       = [0.107632, 0.993891, 0.0244332]';
cam_lookat   = [0, 0, 1]';
cam_sky      = [0, 1, 0]';
cam_right    = [-1.1128, 0.102781, 0.721125]';
cam_fpoint   = [0, 0, 1]';
cam_angle    = 90;
