cam_pos      = [0.25247, 1.04511, -0.464497]';
cam_dir      = [-0.348261, 0.00505369, -0.937384]';
cam_up       = [0.00496087, 0.999981, 0.00354809]';
cam_lookat   = [0, 0, 1]';
cam_sky      = [0, 1, 0]';
cam_right    = [-1.24672, 0.00454139, 0.463212]';
cam_fpoint   = [0, 0, 1]';
cam_angle    = 90;
