cam_pos      = [2.18804, 1.22171, 0.742998]';
cam_dir      = [0.107323, 0.249244, 0.962476]';
cam_up       = [0.103635, 0.959989, -0.260156]';
cam_lookat   = [0, 0, 1]';
cam_sky      = [0, 1, 0]';
cam_right    = [1.31511, -0.169797, -0.102674]';
cam_fpoint   = [0, 0, 1]';
cam_angle    = 90;
