cam_pos      = [0.998734, 0.932686, -1.35117]';
cam_dir      = [0.709903, 0.0771562, -0.70006]';
cam_up       = [-0.225448, 0.966575, -0.122088]';
cam_lookat   = [0, 0, 1]';
cam_sky      = [0, 1, 0]';
cam_right    = [-0.887431, -0.325182, -0.935748]';
cam_fpoint   = [0, 0, 1]';
cam_angle    = 90;
