cam_pos      = [1.44662, 1.41182, 1.87113]';
cam_dir      = [-0.944895, 0.260301, 0.198538]';
cam_up       = [0.24349, 0.964172, -0.105284]';
cam_lookat   = [0, 0, 1]';
cam_sky      = [0, 1, 0]';
cam_right    = [0.291044, 0.0680162, 1.29598]';
cam_fpoint   = [0, 0, 1]';
cam_angle    = 90;
