cam_pos      = [0.182802, 1.08046, -0.251213]';
cam_dir      = [-0.345158, 0.0101377, -0.93849]';
cam_up       = [0.00420893, 0.999948, 0.00925363]';
cam_lookat   = [0, 0, 1]';
cam_sky      = [0, 1, 0]';
cam_right    = [-1.24825, 0.00100558, 0.459093]';
cam_fpoint   = [0, 0, 1]';
cam_angle    = 90;
