cam_pos      = [2.16398, 1.22684, 0.846659]';
cam_dir      = [0.0117396, 0.26218, 0.964948]';
cam_up       = [0.105457, 0.959308, -0.261931]';
cam_lookat   = [0, 0, 1]';
cam_sky      = [0, 1, 0]';
cam_right    = [1.32249, -0.139431, 0.0217944]';
cam_fpoint   = [0, 0, 1]';
cam_angle    = 90;
