cam_pos      = [0.173361, 1.1818, 0.379607]';
cam_dir      = [-0.431263, 0.00260264, -0.902222]';
cam_up       = [0.0347095, 0.999303, -0.0137085]';
cam_lookat   = [0, 0, 1]';
cam_sky      = [0, 1, 0]';
cam_right    = [-1.19907, 0.0495128, 0.5733]';
cam_fpoint   = [0, 0, 1]';
cam_angle    = 90;
