cam_pos      = [1.77757, 1.0635, -0.84643]';
cam_dir      = [0.662353, 0.311527, 0.681351]';
cam_up       = [-0.0853615, 0.934906, -0.344476]';
cam_lookat   = [0, 0, 1]';
cam_sky      = [0, 1, 0]';
cam_right    = [0.989936, -0.226105, -0.858954]';
cam_fpoint   = [0, 0, 1]';
cam_angle    = 90;
