cam_pos      = [1.03252, 1.31573, 0.995423]';
cam_dir      = [-0.402789, 0.0442299, -0.914223]';
cam_up       = [0.0971221, 0.995258, 0.0053602]';
cam_lookat   = [0, 0, 1]';
cam_sky      = [0, 1, 0]';
cam_right    = [-1.21047, 0.115221, 0.538883]';
cam_fpoint   = [0, 0, 1]';
cam_angle    = 90;
