cam_pos      = [1.80694, 1.06854, -0.793741]';
cam_dir      = [0.648635, 0.306075, 0.696843]';
cam_up       = [-0.0755546, 0.936946, -0.341208]';
cam_lookat   = [0, 0, 1]';
cam_sky      = [0, 1, 0]';
cam_right    = [1.00726, -0.224331, -0.839046]';
cam_fpoint   = [0, 0, 1]';
cam_angle    = 90;
