cam_pos      = [1.9862, 1.36303, 1.57856]';
cam_dir      = [-0.643487, 0.288046, 0.709193]';
cam_up       = [0.188967, 0.957598, -0.217479]';
cam_lookat   = [0, 0, 1]';
cam_sky      = [0, 1, 0]';
cam_right    = [0.986549, 0.00788843, 0.891942]';
cam_fpoint   = [0, 0, 1]';
cam_angle    = 90;
