cam_pos      = [0.418403, 1.26532, 0.900778]';
cam_dir      = [-0.55625, 0.0634722, -0.828587]';
cam_up       = [0.0857499, 0.99614, 0.0187414]';
cam_lookat   = [0, 0, 1]';
cam_sky      = [0, 1, 0]';
cam_right    = [-1.09935, 0.0806331, 0.744196]';
cam_fpoint   = [0, 0, 1]';
cam_angle    = 90;
