cam_pos      = [1.49412, 1.40485, 1.85872]';
cam_dir      = [-0.935091, 0.253376, 0.247801]';
cam_up       = [0.232879, 0.966344, -0.1093]';
cam_lookat   = [0, 0, 1]';
cam_sky      = [0, 1, 0]';
cam_right    = [0.355316, 0.0591826, 1.28029]';
cam_fpoint   = [0, 0, 1]';
cam_angle    = 90;
