cam_pos      = [2.18425, 1.22156, 0.796206]';
cam_dir      = [0.0639968, 0.265334, 0.96203]';
cam_up       = [0.10626, 0.956714, -0.270937]';
cam_lookat   = [0, 0, 1]';
cam_sky      = [0, 1, 0]';
cam_right    = [1.31973, -0.15902, -0.0439328]';
cam_fpoint   = [0, 0, 1]';
cam_angle    = 90;
