cam_pos      = [1.70789, 1.05375, -0.955202]';
cam_dir      = [0.732873, 0.296509, 0.612356]';
cam_up       = [-0.097968, 0.93665, -0.336286]';
cam_lookat   = [0, 0, 1]';
cam_sky      = [0, 1, 0]';
cam_right    = [0.895456, -0.247997, -0.951607]';
cam_fpoint   = [0, 0, 1]';
cam_angle    = 90;
