cam_pos      = [1.29934, 0.980388, -1.47554]';
cam_dir      = [0.959046, 0.278138, 0.0535736]';
cam_up       = [-0.260143, 0.939732, -0.221876]';
cam_lookat   = [0, 0, 1]';
cam_sky      = [0, 1, 0]';
cam_right    = [0.149036, -0.264473, -1.29489]';
cam_fpoint   = [0, 0, 1]';
cam_angle    = 90;
