cam_pos      = [1.24781, 0.968883, -1.5093]';
cam_dir      = [0.959156, 0.278435, -0.0499388]';
cam_up       = [-0.282868, 0.942583, -0.17755]';
cam_lookat   = [0, 0, 1]';
cam_sky      = [0, 1, 0]';
cam_right    = [0.00314484, -0.245284, -1.30718]';
cam_fpoint   = [0, 0, 1]';
cam_angle    = 90;
