cam_pos      = [1.76755, 1.38928, 1.78305]';
cam_dir      = [-0.851004, 0.283319, 0.442179]';
cam_up       = [0.235455, 0.958462, -0.160969]';
cam_lookat   = [0, 0, 1]';
cam_sky      = [0, 1, 0]';
cam_right    = [0.624325, 0.0437203, 1.17354]';
cam_fpoint   = [0, 0, 1]';
cam_angle    = 90;
