cam_pos      = [0.492524, 1.42501, 1.66932]';
cam_dir      = [-0.719424, 0.201874, -0.664587]';
cam_up       = [0.163724, 0.979157, 0.120194]';
cam_lookat   = [0, 0, 1]';
cam_sky      = [0, 1, 0]';
cam_right    = [-0.897749, 0.0297101, 0.980848]';
cam_fpoint   = [0, 0, 1]';
cam_angle    = 90;
