cam_pos      = [0.291589, 1.01558, -0.748182]';
cam_dir      = [-0.160559, 0.0336984, -0.986451]';
cam_up       = [-0.0579636, 0.99737, 0.0435058]';
cam_lookat   = [0, 0, 1]';
cam_sky      = [0, 1, 0]';
cam_right    = [-1.31048, -0.0853375, 0.210383]';
cam_fpoint   = [0, 0, 1]';
cam_angle    = 90;
