cam_pos      = [1.82785, 1.07483, -0.740487]';
cam_dir      = [0.647713, 0.303835, 0.698679]';
cam_up       = [-0.0738776, 0.937766, -0.339318]';
cam_lookat   = [0, 0, 1]';
cam_sky      = [0, 1, 0]';
cam_right    = [1.00853, -0.223658, -0.837701]';
cam_fpoint   = [0, 0, 1]';
cam_angle    = 90;
