cam_pos      = [2.19966, 1.19743, 0.622462]';
cam_dir      = [0.168345, 0.269708, 0.948113]';
cam_up       = [0.0819708, 0.954678, -0.28613]';
cam_lookat   = [0, 0, 1]';
cam_sky      = [0, 1, 0]';
cam_right    = [1.30648, -0.167428, -0.184347]';
cam_fpoint   = [0, 0, 1]';
cam_angle    = 90;
