cam_pos      = [2.15711, 1.23177, 0.874983]';
cam_dir      = [-0.0281527, 0.259676, 0.965285]';
cam_up       = [0.0999023, 0.961564, -0.255761]';
cam_lookat   = [0, 0, 1]';
cam_sky      = [0, 1, 0]';
cam_right    = [1.32282, -0.118681, 0.0705072]';
cam_fpoint   = [0, 0, 1]';
cam_angle    = 90;
