cam_pos      = [0.775225, 1.43972, 1.8261]';
cam_dir      = [-0.900184, 0.222406, -0.374439]';
cam_up       = [0.225437, 0.973581, 0.0363098]';
cam_lookat   = [0, 0, 1]';
cam_sky      = [0, 1, 0]';
cam_right    = [-0.495587, 0.0687966, 1.2323]';
cam_fpoint   = [0, 0, 1]';
cam_angle    = 90;
