cam_pos      = [1.22585, 0.964399, -1.48923]';
cam_dir      = [0.931489, 0.26979, -0.24401]';
cam_up       = [-0.305213, 0.9446, -0.120728]';
cam_lookat   = [0, 0, 1]';
cam_sky      = [0, 1, 0]';
cam_right    = [-0.263235, -0.24862, -1.27976]';
cam_fpoint   = [0, 0, 1]';
cam_angle    = 90;
