cam_pos      = [0.535813, 1.42913, 1.70131]';
cam_dir      = [-0.766838, 0.205121, -0.608182]';
cam_up       = [0.172461, 0.978561, 0.112588]';
cam_lookat   = [0, 0, 1]';
cam_sky      = [0, 1, 0]';
cam_right    = [-0.822255, 0.0246727, 1.04508]';
cam_fpoint   = [0, 0, 1]';
cam_angle    = 90;
