cam_pos      = [2.13232, 1.30669, 1.33963]';
cam_dir      = [-0.46299, 0.283343, 0.839856]';
cam_up       = [0.165573, 0.958498, -0.232093]';
cam_lookat   = [0, 0, 1]';
cam_sky      = [0, 1, 0]';
cam_right    = [1.15811, -0.0420288, 0.652616]';
cam_fpoint   = [0, 0, 1]';
cam_angle    = 90;
