cam_pos      = [0.786085, 0.959363, -1.17602]';
cam_dir      = [0.404823, 0.0265758, -0.914009]';
cam_up       = [-0.187639, 0.98072, -0.0545916]';
cam_lookat   = [0, 0, 1]';
cam_sky      = [0, 1, 0]';
cam_right    = [-1.19026, -0.257493, -0.534665]';
cam_fpoint   = [0, 0, 1]';
cam_angle    = 90;
