cam_pos      = [2.19729, 1.26194, 1.07508]';
cam_dir      = [-0.264058, 0.269441, 0.926107]';
cam_up       = [0.132753, 0.961202, -0.2418]';
cam_lookat   = [0, 0, 1]';
cam_sky      = [0, 1, 0]';
cam_right    = [1.27058, -0.0785954, 0.385144]';
cam_fpoint   = [0, 0, 1]';
cam_angle    = 90;
