cam_pos      = [1.952, 1.12738, -0.382641]';
cam_dir      = [0.526309, 0.328852, 0.784127]';
cam_up       = [-0.0443445, 0.931545, -0.360913]';
cam_lookat   = [0, 0, 1]';
cam_sky      = [0, 1, 0]';
cam_right    = [1.12935, -0.206389, -0.671468]';
cam_fpoint   = [0, 0, 1]';
cam_angle    = 90;
