cam_pos      = [1.59344, 1.39423, 1.84473]';
cam_dir      = [-0.90797, 0.262147, 0.326908]';
cam_up       = [0.234655, 0.964438, -0.121639]';
cam_lookat   = [0, 0, 1]';
cam_sky      = [0, 1, 0]';
cam_right    = [0.461736, 0.0448666, 1.24647]';
cam_fpoint   = [0, 0, 1]';
cam_angle    = 90;
