cam_pos      = [1.14641, 1.31144, 0.910531]';
cam_dir      = [-0.0108885, -0.000637742, -0.999941]';
cam_up       = [0.00290376, 0.999996, -0.000669396]';
cam_lookat   = [0, 0, 1]';
cam_sky      = [0, 1, 0]';
cam_right    = [-1.32992, 0.00387146, 0.0144792]';
cam_fpoint   = [0, 0, 1]';
cam_angle    = 90;
