cam_pos      = [1.22762, 0.964199, -1.50316]';
cam_dir      = [0.949003, 0.267119, -0.167454]';
cam_up       = [-0.292087, 0.944852, -0.148124]';
cam_lookat   = [0, 0, 1]';
cam_sky      = [0, 1, 0]';
cam_right    = [-0.157807, -0.25201, -1.29634]';
cam_fpoint   = [0, 0, 1]';
cam_angle    = 90;
