cam_pos      = [0.173395, 1.09084, -0.19545]';
cam_dir      = [-0.357862, 0.00454463, -0.933763]';
cam_up       = [0.00888257, 0.999959, 0.00146259]';
cam_lookat   = [0, 0, 1]';
cam_sky      = [0, 1, 0]';
cam_right    = [-1.24186, 0.0103352, 0.475991]';
cam_fpoint   = [0, 0, 1]';
cam_angle    = 90;
