cam_pos      = [0.643907, 0.967162, -1.08458]';
cam_dir      = [0.235165, 0.00206054, -0.971953]';
cam_up       = [-0.159595, 0.986507, -0.0365228]';
cam_lookat   = [0, 0, 1]';
cam_sky      = [0, 1, 0]';
cam_right    = [-1.27515, -0.217732, -0.308987]';
cam_fpoint   = [0, 0, 1]';
cam_angle    = 90;
