cam_pos      = [1.23087, 0.964174, -1.50748]';
cam_dir      = [0.951935, 0.269413, -0.145728]';
cam_up       = [-0.291303, 0.943347, -0.158868]';
cam_lookat   = [0, 0, 1]';
cam_sky      = [0, 1, 0]';
cam_right    = [-0.125913, -0.257598, -1.29873]';
cam_fpoint   = [0, 0, 1]';
cam_angle    = 90;
