cam_pos      = [1.28167, 0.976695, -1.4842]';
cam_dir      = [0.959324, 0.281025, 0.0268846]';
cam_up       = [-0.269157, 0.939206, -0.213183]';
cam_lookat   = [0, 0, 1]';
cam_sky      = [0, 1, 0]';
cam_right    = [0.113263, -0.262376, -1.29893]';
cam_fpoint   = [0, 0, 1]';
cam_angle    = 90;
