cam_pos      = [1.25607, 0.971916, -1.50061]';
cam_dir      = [0.959797, 0.279808, -0.0223056]';
cam_up       = [-0.278745, 0.940758, -0.193067]';
cam_lookat   = [0, 0, 1]';
cam_sky      = [0, 1, 0]';
cam_right    = [0.0439401, -0.254726, -1.30464]';
cam_fpoint   = [0, 0, 1]';
cam_angle    = 90;
