cam_pos      = [2.17098, 1.21928, 0.83906]';
cam_dir      = [0.0243753, 0.26443, 0.964097]';
cam_up       = [0.100977, 0.9588, -0.26553]';
cam_lookat   = [0, 0, 1]';
cam_sky      = [0, 1, 0]';
cam_right    = [1.3228, -0.138086, 0.00442931]';
cam_fpoint   = [0, 0, 1]';
cam_angle    = 90;
