cam_pos      = [1.39446, 0.987187, -1.38216]';
cam_dir      = [0.956494, 0.236013, 0.171513]';
cam_up       = [-0.18855, 0.948669, -0.253923]';
cam_lookat   = [0, 0, 1]';
cam_sky      = [0, 1, 0]';
cam_right    = [0.296109, -0.280014, -1.26602]';
cam_fpoint   = [0, 0, 1]';
cam_angle    = 90;
