cam_pos      = [1.23785, 0.96527, -1.50848]';
cam_dir      = [0.956532, 0.277824, -0.0886553]';
cam_up       = [-0.289442, 0.941573, -0.172231]';
cam_lookat   = [0, 0, 1]';
cam_sky      = [0, 1, 0]';
cam_right    = [-0.047382, -0.253239, -1.30481]';
cam_fpoint   = [0, 0, 1]';
cam_angle    = 90;
