cam_pos      = [1.93905, 1.12319, -0.418909]';
cam_dir      = [0.541796, 0.324956, 0.775152]';
cam_up       = [-0.0473662, 0.932579, -0.357845]';
cam_lookat   = [0, 0, 1]';
cam_sky      = [0, 1, 0]';
cam_right    = [1.1161, -0.209027, -0.692476]';
cam_fpoint   = [0, 0, 1]';
cam_angle    = 90;
