cam_pos      = [0.32365, 1.34449, 1.35969]';
cam_dir      = [-0.514358, 0.141769, -0.845776]';
cam_up       = [0.0572022, 0.989716, 0.131109]';
cam_lookat   = [0, 0, 1]';
cam_sky      = [0, 1, 0]';
cam_right    = [-1.13804, -0.0253453, 0.687847]';
cam_fpoint   = [0, 0, 1]';
cam_angle    = 90;
