cam_pos      = [0.084372, 1.1946, 0.140309]';
cam_dir      = [-0.191364, 0.044835, -0.980495]';
cam_up       = [-0.00537928, 0.998893, 0.0467262]';
cam_lookat   = [0, 0, 1]';
cam_sky      = [0, 1, 0]';
cam_right    = [-1.3054, -0.0189074, 0.253912]';
cam_fpoint   = [0, 0, 1]';
cam_angle    = 90;
