cam_pos      = [2.20483, 1.19147, 0.615504]';
cam_dir      = [0.173519, 0.277699, 0.944867]';
cam_up       = [0.0763634, 0.952739, -0.294036]';
cam_lookat   = [0, 0, 1]';
cam_sky      = [0, 1, 0]';
cam_right    = [1.30588, -0.163821, -0.191669]';
cam_fpoint   = [0, 0, 1]';
cam_angle    = 90;
