cam_pos      = [0.564586, 1.42953, 1.71743]';
cam_dir      = [-0.792368, 0.209231, -0.57304]';
cam_up       = [0.180698, 0.977688, 0.107119]';
cam_lookat   = [0, 0, 1]';
cam_sky      = [0, 1, 0]';
cam_right    = [-0.774947, 0.024831, 1.08062]';
cam_fpoint   = [0, 0, 1]';
cam_angle    = 90;
