cam_pos      = [1.71365, 1.05434, -0.946592]';
cam_dir      = [0.726064, 0.298702, 0.619361]';
cam_up       = [-0.0966639, 0.936116, -0.338147]';
cam_lookat   = [0, 0, 1]';
cam_sky      = [0, 1, 0]';
cam_right    = [0.905463, -0.246909, -0.942377]';
cam_fpoint   = [0, 0, 1]';
cam_angle    = 90;
