cam_pos      = [0.275863, 1.03657, -0.607244]';
cam_dir      = [-0.263135, 0.0297013, -0.964302]';
cam_up       = [-0.0215865, 0.999094, 0.0366634]';
cam_lookat   = [0, 0, 1]';
cam_sky      = [0, 1, 0]';
cam_right    = [-1.28281, -0.0405162, 0.3488]';
cam_fpoint   = [0, 0, 1]';
cam_angle    = 90;
