cam_pos      = [0.899281, 1.29658, 1.03016]';
cam_dir      = [-0.507442, 0.052725, -0.860071]';
cam_up       = [0.095934, 0.995378, 0.00441869]';
cam_lookat   = [0, 0, 1]';
cam_sky      = [0, 1, 0]';
cam_right    = [-1.13892, 0.106756, 0.678506]';
cam_fpoint   = [0, 0, 1]';
cam_angle    = 90;
