cam_pos      = [0.0975013, 1.1917, 0.0892184]';
cam_dir      = [-0.170433, 0.0433774, -0.984414]';
cam_up       = [-0.0167016, 0.99876, 0.0469011]';
cam_lookat   = [0, 0, 1]';
cam_sky      = [0, 1, 0]';
cam_right    = [-1.31035, -0.0324983, 0.225431]';
cam_fpoint   = [0, 0, 1]';
cam_angle    = 90;
