cam_pos      = [0.18624, 1.16413, 0.247709]';
cam_dir      = [-0.46255, -0.00463143, -0.886581]';
cam_up       = [0.0306766, 0.999304, -0.021225]';
cam_lookat   = [0, 0, 1]';
cam_sky      = [0, 1, 0]';
cam_right    = [-1.17846, 0.0492298, 0.614574]';
cam_fpoint   = [0, 0, 1]';
cam_angle    = 90;
