cam_pos      = [0.107827, 1.21817, 0.374226]';
cam_dir      = [-0.257963, 0.0320271, -0.965624]';
cam_up       = [0.0206222, 0.999405, 0.0276384]';
cam_lookat   = [0, 0, 1]';
cam_sky      = [0, 1, 0]';
cam_right    = [-1.28469, 0.0170022, 0.343765]';
cam_fpoint   = [0, 0, 1]';
cam_angle    = 90;
