cam_pos      = [0.154212, 1.25839, 0.775291]';
cam_dir      = [-0.277821, 0.0600458, -0.958754]';
cam_up       = [0.009088, 0.998164, 0.0598806]';
cam_lookat   = [0, 0, 1]';
cam_sky      = [0, 1, 0]';
cam_right    = [-1.27758, -0.0105375, 0.36955]';
cam_fpoint   = [0, 0, 1]';
cam_angle    = 90;
