cam_pos      = [2.19518, 1.21498, 0.719652]';
cam_dir      = [0.121036, 0.24561, 0.961783]';
cam_up       = [0.101553, 0.960758, -0.258129]';
cam_lookat   = [0, 0, 1]';
cam_sky      = [0, 1, 0]';
cam_right    = [1.3133, -0.171457, -0.121487]';
cam_fpoint   = [0, 0, 1]';
cam_angle    = 90;
