cam_pos      = [0.235905, 1.05146, -0.410563]';
cam_dir      = [-0.353958, -0.0011385, -0.935261]';
cam_up       = [0.0126598, 0.999902, -0.0060084]';
cam_lookat   = [0, 0, 1]';
cam_sky      = [0, 1, 0]';
cam_right    = [-1.24378, 0.018576, 0.470699]';
cam_fpoint   = [0, 0, 1]';
cam_angle    = 90;
