cam_pos      = [0.998054, 1.30802, 1.00978]';
cam_dir      = [-0.452023, 0.0515574, -0.890515]';
cam_up       = [0.0974422, 0.995208, 0.00815729]';
cam_lookat   = [0, 0, 1]';
cam_sky      = [0, 1, 0]';
cam_right    = [-1.17927, 0.110505, 0.604992]';
cam_fpoint   = [0, 0, 1]';
cam_angle    = 90;
