cam_pos      = [1.99024, 1.35996, 1.57132]';
cam_dir      = [-0.638838, 0.287108, 0.713761]';
cam_up       = [0.188311, 0.957889, -0.216764]';
cam_lookat   = [0, 0, 1]';
cam_sky      = [0, 1, 0]';
cam_right    = [0.992099, 0.00541071, 0.885783]';
cam_fpoint   = [0, 0, 1]';
cam_angle    = 90;
