cam_pos      = [0.260932, 1.04591, -0.488909]';
cam_dir      = [-0.338769, 0.0131619, -0.940778]';
cam_up       = [-0.00290284, 0.999883, 0.0150341]';
cam_lookat   = [0, 0, 1]';
cam_sky      = [0, 1, 0]';
cam_right    = [-1.25135, -0.0104059, 0.450459]';
cam_fpoint   = [0, 0, 1]';
cam_angle    = 90;
