cam_pos      = [1.14007, 1.32081, 0.928389]';
cam_dir      = [-0.0354855, -0.00657535, -0.999349]';
cam_up       = [0.0117421, 0.999907, -0.00699596]';
cam_lookat   = [0, 0, 1]';
cam_sky      = [0, 1, 0]';
cam_right    = [-1.32907, 0.015937, 0.0470887]';
cam_fpoint   = [0, 0, 1]';
cam_angle    = 90;
