cam_pos      = [0.62141, 1.43426, 1.74632]';
cam_dir      = [-0.830684, 0.223121, -0.51008]';
cam_up       = [0.209234, 0.974133, 0.0853634]';
cam_lookat   = [0, 0, 1]';
cam_sky      = [0, 1, 0]';
cam_right    = [-0.68619, 0.0476353, 1.13832]';
cam_fpoint   = [0, 0, 1]';
cam_angle    = 90;
