cam_pos      = [2.04093, 1.15275, -0.0808972]';
cam_dir      = [0.371253, 0.349093, 0.86041]';
cam_up       = [0.00190488, 0.926347, -0.376667]';
cam_lookat   = [0, 0, 1]';
cam_sky      = [0, 1, 0]';
cam_right    = [1.23494, -0.188166, -0.456515]';
cam_fpoint   = [0, 0, 1]';
cam_angle    = 90;
