cam_pos      = [2.19057, 1.19146, 0.562711]';
cam_dir      = [0.204934, 0.294662, 0.933368]';
cam_up       = [0.0698183, 0.946778, -0.314225]';
cam_lookat   = [0, 0, 1]';
cam_sky      = [0, 1, 0]';
cam_right    = [1.29846, -0.172317, -0.230694]';
cam_fpoint   = [0, 0, 1]';
cam_angle    = 90;
