cam_pos      = [2.15824, 1.25019, 0.92444]';
cam_dir      = [-0.0791595, 0.261265, 0.962016]';
cam_up       = [0.102515, 0.962061, -0.252842]';
cam_lookat   = [0, 0, 1]';
cam_sky      = [0, 1, 0]';
cam_right    = [1.3188, -0.104546, 0.13691]';
cam_fpoint   = [0, 0, 1]';
cam_angle    = 90;
