cam_pos      = [0.424701, 1.40094, 1.58516]';
cam_dir      = [-0.645266, 0.17339, -0.744021]';
cam_up       = [0.117687, 0.984839, 0.127445]';
cam_lookat   = [0, 0, 1]';
cam_sky      = [0, 1, 0]';
cam_right    = [-1.00394, 0.0070831, 0.872332]';
cam_fpoint   = [0, 0, 1]';
cam_angle    = 90;
