cam_pos      = [1.07228, 0.939641, -1.37698]';
cam_dir      = [0.776616, 0.102828, -0.621526]';
cam_up       = [-0.225055, 0.96677, -0.121266]';
cam_lookat   = [0, 0, 1]';
cam_sky      = [0, 1, 0]';
cam_right    = [-0.782576, -0.311293, -1.02935]';
cam_fpoint   = [0, 0, 1]';
cam_angle    = 90;
