cam_pos      = [0.804422, 0.95932, -1.19343]';
cam_dir      = [0.425252, 0.0324198, -0.904494]';
cam_up       = [-0.191387, 0.979981, -0.0548561]';
cam_lookat   = [0, 0, 1]';
cam_sky      = [0, 1, 0]';
cam_right    = [-1.17653, -0.26126, -0.562514]';
cam_fpoint   = [0, 0, 1]';
cam_angle    = 90;
