cam_pos      = [0.150292, 1.2234, 0.616778]';
cam_dir      = [-0.279237, 0.0194012, -0.960026]';
cam_up       = [0.00777753, 0.999809, 0.017943]';
cam_lookat   = [0, 0, 1]';
cam_sky      = [0, 1, 0]';
cam_right    = [-1.27705, 0.00326687, 0.371514]';
cam_fpoint   = [0, 0, 1]';
cam_angle    = 90;
