cam_pos      = [0.967468, 0.93033, -1.33651]';
cam_dir      = [0.666935, 0.068961, -0.741918]';
cam_up       = [-0.228482, 0.966668, -0.115539]';
cam_lookat   = [0, 0, 1]';
cam_sky      = [0, 1, 0]';
cam_right    = [-0.943264, -0.327941, -0.878413]';
cam_fpoint   = [0, 0, 1]';
cam_angle    = 90;
