cam_pos      = [0.982461, 1.30487, 1.01103]';
cam_dir      = [-0.460734, 0.0535924, -0.885919]';
cam_up       = [0.103089, 0.994651, 0.00655718]';
cam_lookat   = [0, 0, 1]';
cam_sky      = [0, 1, 0]';
cam_right    = [-1.17244, 0.117449, 0.616846]';
cam_fpoint   = [0, 0, 1]';
cam_angle    = 90;
