cam_pos      = [2.20455, 1.19829, 0.658752]';
cam_dir      = [0.151435, 0.262176, 0.953064]';
cam_up       = [0.0857172, 0.957069, -0.276897]';
cam_lookat   = [0, 0, 1]';
cam_sky      = [0, 1, 0]';
cam_right    = [1.30971, -0.164423, -0.162873]';
cam_fpoint   = [0, 0, 1]';
cam_angle    = 90;
