cam_pos      = [2.19743, 1.29431, 1.18706]';
cam_dir      = [-0.385541, 0.277689, 0.879913]';
cam_up       = [0.155938, 0.95953, -0.23449]';
cam_lookat   = [0, 0, 1]';
cam_sky      = [0, 1, 0]';
cam_right    = [1.20953, -0.0622525, 0.549611]';
cam_fpoint   = [0, 0, 1]';
cam_angle    = 90;
