cam_pos      = [1.14402, 1.30691, 0.915727]';
cam_dir      = [-0.0104454, 0.00144781, -0.999944]';
cam_up       = [0.00793364, 0.999968, 0.00136497]';
cam_lookat   = [0, 0, 1]';
cam_sky      = [0, 1, 0]';
cam_right    = [-1.32989, 0.0105322, 0.0139071]';
cam_fpoint   = [0, 0, 1]';
cam_angle    = 90;
