cam_pos      = [0.265587, 1.32678, 1.16261]';
cam_dir      = [-0.430482, 0.11041, -0.895821]';
cam_up       = [0.0323035, 0.993739, 0.106955]';
cam_lookat   = [0, 0, 1]';
cam_sky      = [0, 1, 0]';
cam_right    = [-1.19969, -0.0227485, 0.573699]';
cam_fpoint   = [0, 0, 1]';
cam_angle    = 90;
