cam_pos      = [0.457378, 1.41639, 1.62884]';
cam_dir      = [-0.679099, 0.191266, -0.70869]';
cam_up       = [0.143934, 0.981411, 0.126946]';
cam_lookat   = [0, 0, 1]';
cam_sky      = [0, 1, 0]';
cam_right    = [-0.95733, 0.0210083, 0.923027]';
cam_fpoint   = [0, 0, 1]';
cam_angle    = 90;
