cam_pos      = [0.17384, 1.28874, 0.901464]';
cam_dir      = [-0.293755, 0.0805525, -0.952481]';
cam_up       = [0.00640444, 0.996586, 0.0823074]';
cam_lookat   = [0, 0, 1]';
cam_sky      = [0, 1, 0]';
cam_right    = [-1.27129, -0.0240439, 0.390046]';
cam_fpoint   = [0, 0, 1]';
cam_angle    = 90;
