cam_pos      = [0.230467, 1.05007, -0.403198]';
cam_dir      = [-0.353089, 0.000579248, -0.93559]';
cam_up       = [0.0123462, 0.999916, -0.00404035]';
cam_lookat   = [0, 0, 1]';
cam_sky      = [0, 1, 0]';
cam_right    = [-1.24423, 0.0172602, 0.469578]';
cam_fpoint   = [0, 0, 1]';
cam_angle    = 90;
