cam_pos      = [1.08585, 0.941267, -1.38301]';
cam_dir      = [0.783885, 0.108434, -0.611364]';
cam_up       = [-0.22753, 0.966306, -0.120348]';
cam_lookat   = [0, 0, 1]';
cam_sky      = [0, 1, 0]';
cam_right    = [-0.768361, -0.310479, -1.04025]';
cam_fpoint   = [0, 0, 1]';
cam_angle    = 90;
