cam_pos      = [1.85253, 1.38124, 1.73378]';
cam_dir      = [-0.792875, 0.282254, 0.540076]';
cam_up       = [0.218666, 0.95902, -0.180183]';
cam_lookat   = [0, 0, 1]';
cam_sky      = [0, 1, 0]';
cam_right    = [0.756505, 0.0329393, 1.0934]';
cam_fpoint   = [0, 0, 1]';
cam_angle    = 90;
