cam_pos      = [0.0789773, 1.19794, 0.180525]';
cam_dir      = [-0.214669, 0.0420347, -0.975782]';
cam_up       = [0.00355539, 0.9991, 0.0422571]';
cam_lookat   = [0, 0, 1]';
cam_sky      = [0, 1, 0]';
cam_right    = [-1.29898, -0.00745066, 0.285451]';
cam_fpoint   = [0, 0, 1]';
cam_angle    = 90;
