cam_pos      = [2.20529, 1.27993, 1.12063]';
cam_dir      = [-0.320502, 0.269545, 0.908088]';
cam_up       = [0.146877, 0.961206, -0.233473]';
cam_lookat   = [0, 0, 1]';
cam_sky      = [0, 1, 0]';
cam_right    = [1.2446, -0.0778696, 0.462385]';
cam_fpoint   = [0, 0, 1]';
cam_angle    = 90;
