cam_pos      = [1.22591, 0.963376, -1.49402]';
cam_dir      = [0.937775, 0.27096, -0.21716]';
cam_up       = [-0.302604, 0.944436, -0.128338]';
cam_lookat   = [0, 0, 1]';
cam_sky      = [0, 1, 0]';
cam_right    = [-0.226524, -0.247468, -1.28699]';
cam_fpoint   = [0, 0, 1]';
cam_angle    = 90;
