cam_pos      = [0.166996, 1.10621, -0.0920227]';
cam_dir      = [-0.400332, -0.0126882, -0.916282]';
cam_up       = [0.0210247, 0.999514, -0.0230266]';
cam_lookat   = [0, 0, 1]';
cam_sky      = [0, 1, 0]';
cam_right    = [-1.21845, 0.0378823, 0.531828]';
cam_fpoint   = [0, 0, 1]';
cam_angle    = 90;
