cam_pos      = [0.297993, 1.01223, -0.7858]';
cam_dir      = [-0.107247, 0.0274656, -0.993853]';
cam_up       = [-0.0721686, 0.996766, 0.0353339]';
cam_lookat   = [0, 0, 1]';
cam_sky      = [0, 1, 0]';
cam_right    = [-1.31884, -0.100434, 0.139541]';
cam_fpoint   = [0, 0, 1]';
cam_angle    = 90;
