cam_pos      = [0.556566, 1.42883, 1.71126]';
cam_dir      = [-0.786115, 0.209955, -0.581328]';
cam_up       = [0.179461, 0.977553, 0.110378]';
cam_lookat   = [0, 0, 1]';
cam_sky      = [0, 1, 0]';
cam_right    = [-0.786634, 0.0233496, 1.07218]';
cam_fpoint   = [0, 0, 1]';
cam_angle    = 90;
