cam_pos      = [0.429896, 1.26746, 0.912337]';
cam_dir      = [-0.556709, 0.0668202, -0.828016]';
cam_up       = [0.0911506, 0.995655, 0.0190642]';
cam_lookat   = [0, 0, 1]';
cam_sky      = [0, 1, 0]';
cam_right    = [-1.09817, 0.086265, 0.745307]';
cam_fpoint   = [0, 0, 1]';
cam_angle    = 90;
