cam_pos      = [1.05538, 1.31204, 0.98309]';
cam_dir      = [-0.358532, 0.0395828, -0.932678]';
cam_up       = [0.0895363, 0.995953, 0.00784943]';
cam_lookat   = [0, 0, 1]';
cam_sky      = [0, 1, 0]';
cam_right    = [-1.23585, 0.107323, 0.479631]';
cam_fpoint   = [0, 0, 1]';
cam_angle    = 90;
