cam_pos      = [0.337576, 1.35724, 1.41679]';
cam_dir      = [-0.551463, 0.146112, -0.821304]';
cam_up       = [0.0746059, 0.989234, 0.125893]';
cam_lookat   = [0, 0, 1]';
cam_sky      = [0, 1, 0]';
cam_right    = [-1.10504, -0.0108412, 0.740048]';
cam_fpoint   = [0, 0, 1]';
cam_angle    = 90;
