cam_pos      = [0.185857, 1.28982, 0.935034]';
cam_dir      = [-0.303574, 0.0876424, -0.948769]';
cam_up       = [0.00853308, 0.995971, 0.0892724]';
cam_lookat   = [0, 0, 1]';
cam_sky      = [0, 1, 0]';
cam_right    = [-1.26718, -0.0252765, 0.403122]';
cam_fpoint   = [0, 0, 1]';
cam_angle    = 90;
