cam_pos      = [1.30157, 1.42676, 1.90111]';
cam_dir      = [-0.965017, 0.24943, 0.0807931]';
cam_up       = [0.243362, 0.966796, -0.077975]';
cam_lookat   = [0, 0, 1]';
cam_sky      = [0, 1, 0]';
cam_right    = [0.129755, 0.0739283, 1.32159]';
cam_fpoint   = [0, 0, 1]';
cam_angle    = 90;
