cam_pos      = [1.97274, 1.12769, -0.318706]';
cam_dir      = [0.501468, 0.327539, 0.800779]';
cam_up       = [-0.0436722, 0.933971, -0.35467]';
cam_lookat   = [0, 0, 1]';
cam_sky      = [0, 1, 0]';
cam_right    = [1.14922, -0.190036, -0.641939]';
cam_fpoint   = [0, 0, 1]';
cam_angle    = 90;
