cam_pos      = [2.2108, 1.28129, 1.15227]';
cam_dir      = [-0.352416, 0.276791, 0.893974]';
cam_up       = [0.151142, 0.959554, -0.237513]';
cam_lookat   = [0, 0, 1]';
cam_sky      = [0, 1, 0]';
cam_right    = [1.22833, -0.06838, 0.505396]';
cam_fpoint   = [0, 0, 1]';
cam_angle    = 90;
