cam_pos      = [2.18441, 1.26306, 1.04319]';
cam_dir      = [-0.232748, 0.268277, 0.934803]';
cam_up       = [0.125702, 0.961436, -0.244623]';
cam_lookat   = [0, 0, 1]';
cam_sky      = [0, 1, 0]';
cam_right    = [1.28262, -0.0805596, 0.342468]';
cam_fpoint   = [0, 0, 1]';
cam_angle    = 90;
