cam_pos      = [0.174444, 1.17441, 0.344592]';
cam_dir      = [-0.440076, 0.00172919, -0.897959]';
cam_up       = [0.0380084, 0.999138, -0.0167033]';
cam_lookat   = [0, 0, 1]';
cam_sky      = [0, 1, 0]';
cam_right    = [-1.19322, 0.0551693, 0.584883]';
cam_fpoint   = [0, 0, 1]';
cam_angle    = 90;
