cam_pos      = [1.97847, 1.12929, -0.305681]';
cam_dir      = [0.494625, 0.327781, 0.804926]';
cam_up       = [-0.0442146, 0.934444, -0.353354]';
cam_lookat   = [0, 0, 1]';
cam_sky      = [0, 1, 0]';
cam_right    = [1.15441, -0.18512, -0.634]';
cam_fpoint   = [0, 0, 1]';
cam_angle    = 90;
