cam_pos      = [2.14977, 1.30127, 1.30797]';
cam_dir      = [-0.448365, 0.283831, 0.84759]';
cam_up       = [0.163558, 0.958288, -0.23438]';
cam_lookat   = [0, 0, 1]';
cam_sky      = [0, 1, 0]';
cam_right    = [1.16875, -0.0446115, 0.633193]';
cam_fpoint   = [0, 0, 1]';
cam_angle    = 90;
