cam_pos      = [2.19632, 1.19247, 0.597417]';
cam_dir      = [0.187208, 0.283134, 0.940632]';
cam_up       = [0.0722245, 0.951002, -0.30063]';
cam_lookat   = [0, 0, 1]';
cam_sky      = [0, 1, 0]';
cam_right    = [1.30295, -0.165209, -0.209589]';
cam_fpoint   = [0, 0, 1]';
cam_angle    = 90;
