cam_pos      = [0.250203, 1.04551, -0.456688]';
cam_dir      = [-0.34991, 0.00366721, -0.936776]';
cam_up       = [0.00832787, 0.999965, 0.0008039]';
cam_lookat   = [0, 0, 1]';
cam_sky      = [0, 1, 0]';
cam_right    = [-1.24587, 0.0100017, 0.465404]';
cam_fpoint   = [0, 0, 1]';
cam_angle    = 90;
