cam_pos      = [1.48485, 1.40701, 1.86231]';
cam_dir      = [-0.937044, 0.255631, 0.237912]';
cam_up       = [0.235761, 0.965676, -0.109024]';
cam_lookat   = [0, 0, 1]';
cam_sky      = [0, 1, 0]';
cam_right    = [0.342629, 0.0612728, 1.28365]';
cam_fpoint   = [0, 0, 1]';
cam_angle    = 90;
