cam_pos      = [1.22876, 0.972077, -1.42803]';
cam_dir      = [0.872789, 0.221992, -0.434694]';
cam_up       = [-0.278815, 0.957738, -0.0707079]';
cam_lookat   = [0, 0, 1]';
cam_sky      = [0, 1, 0]';
cam_right    = [-0.532833, -0.243273, -1.19407]';
cam_fpoint   = [0, 0, 1]';
cam_angle    = 90;
