cam_pos      = [0.374163, 0.993672, -0.930193]';
cam_dir      = [0.0870914, 0.0208644, -0.995982]';
cam_up       = [-0.142829, 0.989713, 0.00824373]';
cam_lookat   = [0, 0, 1]';
cam_sky      = [0, 1, 0]';
cam_right    = [-1.31126, -0.188244, -0.118604]';
cam_fpoint   = [0, 0, 1]';
cam_angle    = 90;
