cam_pos      = [0.841911, 1.29556, 1.04042]';
cam_dir      = [-0.511358, 0.053034, -0.85773]';
cam_up       = [0.0914894, 0.995781, 0.00702607]';
cam_lookat   = [0, 0, 1]';
cam_sky      = [0, 1, 0]';
cam_right    = [-1.13646, 0.0995908, 0.68369]';
cam_fpoint   = [0, 0, 1]';
cam_angle    = 90;
