cam_pos      = [0.184136, 1.14424, 0.119915]';
cam_dir      = [-0.44436, -0.00271488, -0.895844]';
cam_up       = [0.0316257, 0.999325, -0.0187156]';
cam_lookat   = [0, 0, 1]';
cam_sky      = [0, 1, 0]';
cam_right    = [-1.19074, 0.0487421, 0.590485]';
cam_fpoint   = [0, 0, 1]';
cam_angle    = 90;
