cam_pos      = [0.888899, 1.29394, 1.03111]';
cam_dir      = [-0.507718, 0.0532533, -0.859876]';
cam_up       = [0.0957351, 0.995394, 0.00511893]';
cam_lookat   = [0, 0, 1]';
cam_sky      = [0, 1, 0]';
cam_right    = [-1.13873, 0.106029, 0.678934]';
cam_fpoint   = [0, 0, 1]';
cam_angle    = 90;
