cam_pos      = [0.293463, 1.33751, 1.24661]';
cam_dir      = [-0.458207, 0.121196, -0.880544]';
cam_up       = [0.0389, 0.992446, 0.116356]';
cam_lookat   = [0, 0, 1]';
cam_sky      = [0, 1, 0]';
cam_right    = [-1.18103, -0.0253522, 0.611082]';
cam_fpoint   = [0, 0, 1]';
cam_angle    = 90;
