cam_pos      = [1.05878, 1.31354, 0.981295]';
cam_dir      = [-0.351403, 0.0374742, -0.935474]';
cam_up       = [0.0872446, 0.996161, 0.00713255]';
cam_lookat   = [0, 0, 1]';
cam_sky      = [0, 1, 0]';
cam_right    = [-1.23976, 0.105215, 0.469921]';
cam_fpoint   = [0, 0, 1]';
cam_angle    = 90;
