cam_pos      = [0.448935, 1.41375, 1.61797]';
cam_dir      = [-0.669653, 0.190222, -0.7179]';
cam_up       = [0.139512, 0.981653, 0.129973]';
cam_lookat   = [0, 0, 1]';
cam_sky      = [0, 1, 0]';
cam_right    = [-0.970172, 0.0174485, 0.909594]';
cam_fpoint   = [0, 0, 1]';
cam_angle    = 90;
