cam_pos      = [0.618332, 0.966635, -1.07341]';
cam_dir      = [0.217644, -6.88769e-05, -0.976028]';
cam_up       = [-0.152741, 0.987677, -0.0341293]';
cam_lookat   = [0, 0, 1]';
cam_sky      = [0, 1, 0]';
cam_right    = [-1.28212, -0.208156, -0.285885]';
cam_fpoint   = [0, 0, 1]';
cam_angle    = 90;
