cam_pos      = [0.925227, 1.44181, 1.88419]';
cam_dir      = [-0.939212, 0.231423, -0.253622]';
cam_up       = [0.235557, 0.971754, 0.0143858]';
cam_lookat   = [0, 0, 1]';
cam_sky      = [0, 1, 0]';
cam_right    = [-0.332217, 0.0614872, 1.28637]';
cam_fpoint   = [0, 0, 1]';
cam_angle    = 90;
