cam_pos      = [0.948549, 0.933024, -1.32176]';
cam_dir      = [0.632757, 0.0664805, -0.771491]';
cam_up       = [-0.231207, 0.96708, -0.106296]';
cam_lookat   = [0, 0, 1]';
cam_sky      = [0, 1, 0]';
cam_right    = [-0.982906, -0.326693, -0.834306]';
cam_fpoint   = [0, 0, 1]';
cam_angle    = 90;
