cam_pos      = [0.187679, 1.07793, -0.270716]';
cam_dir      = [-0.342517, 0.00852813, -0.939473]';
cam_up       = [0.00504137, 0.999961, 0.00723921]';
cam_lookat   = [0, 0, 1]';
cam_sky      = [0, 1, 0]';
cam_right    = [-1.24953, 0.00300138, 0.455588]';
cam_fpoint   = [0, 0, 1]';
cam_angle    = 90;
