cam_pos      = [0.265474, 1.0462, -0.522447]';
cam_dir      = [-0.319593, 0.0262984, -0.94719]';
cam_up       = [-0.00576002, 0.999542, 0.0296955]';
cam_lookat   = [0, 0, 1]';
cam_sky      = [0, 1, 0]';
cam_right    = [-1.26022, -0.0198786, 0.424662]';
cam_fpoint   = [0, 0, 1]';
cam_angle    = 90;
