cam_pos      = [1.58125, 1.03815, -1.09498]';
cam_dir      = [0.836349, 0.274697, 0.474407]';
cam_up       = [-0.127969, 0.939316, -0.318293]';
cam_lookat   = [0, 0, 1]';
cam_sky      = [0, 1, 0]';
cam_right    = [0.708959, -0.273307, -1.09159]';
cam_fpoint   = [0, 0, 1]';
cam_angle    = 90;
