cam_pos      = [1.82382, 1.07259, -0.759011]';
cam_dir      = [0.646355, 0.304091, 0.699824]';
cam_up       = [-0.0752334, 0.938085, -0.338136]';
cam_lookat   = [0, 0, 1]';
cam_sky      = [0, 1, 0]';
cam_right    = [1.00989, -0.220655, -0.836855]';
cam_fpoint   = [0, 0, 1]';
cam_angle    = 90;
