cam_pos      = [0.311496, 1.23138, 0.77708]';
cam_dir      = [-0.505331, 0.0363936, -0.862158]';
cam_up       = [0.0475106, 0.998768, 0.0143131]';
cam_lookat   = [0, 0, 1]';
cam_sky      = [0, 1, 0]';
cam_right    = [-1.14595, 0.0448593, 0.673561]';
cam_fpoint   = [0, 0, 1]';
cam_angle    = 90;
