cam_pos      = [1.1014, 1.44875, 1.91763]';
cam_dir      = [-0.961663, 0.238426, -0.135488]';
cam_up       = [0.244569, 0.969155, -0.0304193]';
cam_lookat   = [0, 0, 1]';
cam_sky      = [0, 1, 0]';
cam_right    = [-0.164994, 0.0829778, 1.31711]';
cam_fpoint   = [0, 0, 1]';
cam_angle    = 90;
