cam_pos      = [2.01985, 1.14628, -0.158219]';
cam_dir      = [0.404129, 0.340261, 0.84906]';
cam_up       = [-0.00926597, 0.929712, -0.368172]';
cam_lookat   = [0, 0, 1]';
cam_sky      = [0, 1, 0]';
cam_right    = [1.21649, -0.187426, -0.503905]';
cam_fpoint   = [0, 0, 1]';
cam_angle    = 90;
