cam_pos      = [0.81432, 1.29951, 1.04622]';
cam_dir      = [-0.510411, 0.0534597, -0.858267]';
cam_up       = [0.0943077, 0.995525, 0.00592451]';
cam_lookat   = [0, 0, 1]';
cam_sky      = [0, 1, 0]';
cam_right    = [-1.13681, 0.10363, 0.682515]';
cam_fpoint   = [0, 0, 1]';
cam_angle    = 90;
