cam_pos      = [1.15417, 1.30251, 0.907183]';
cam_dir      = [-0.0214664, -0.00413407, -0.999761]';
cam_up       = [-0.00108729, 0.999991, -0.00411167]';
cam_lookat   = [0, 0, 1]';
cam_sky      = [0, 1, 0]';
cam_right    = [-1.32969, -0.00132836, 0.028556]';
cam_fpoint   = [0, 0, 1]';
cam_angle    = 90;
