cam_pos      = [0.152075, 1.22553, 0.644895]';
cam_dir      = [-0.281526, 0.0276261, -0.959156]';
cam_up       = [0.00921379, 0.999617, 0.0260871]';
cam_lookat   = [0, 0, 1]';
cam_sky      = [0, 1, 0]';
cam_right    = [-1.27615, 0.00198604, 0.374625]';
cam_fpoint   = [0, 0, 1]';
cam_angle    = 90;
