cam_pos      = [2.07398, 1.20199, 0.305849]';
cam_dir      = [0.309002, 0.352553, 0.883303]';
cam_up       = [0.0252855, 0.925381, -0.378193]';
cam_lookat   = [0, 0, 1]';
cam_sky      = [0, 1, 0]';
cam_right    = [1.26446, -0.185132, -0.36845]';
cam_fpoint   = [0, 0, 1]';
cam_angle    = 90;
