cam_pos      = [0.472509, 1.4192, 1.64672]';
cam_dir      = [-0.6956, 0.196174, -0.691127]';
cam_up       = [0.153889, 0.980354, 0.123385]';
cam_lookat   = [0, 0, 1]';
cam_sky      = [0, 1, 0]';
cam_right    = [-0.933333, 0.0273048, 0.947124]';
cam_fpoint   = [0, 0, 1]';
cam_angle    = 90;
