cam_pos      = [1.85126, 1.07658, -0.69124]';
cam_dir      = [0.641809, 0.306779, 0.702828]';
cam_up       = [-0.0789952, 0.938069, -0.337323]';
cam_lookat   = [0, 0, 1]';
cam_sky      = [0, 1, 0]';
cam_right    = [1.0145, -0.214099, -0.832972]';
cam_fpoint   = [0, 0, 1]';
cam_angle    = 90;
