cam_pos      = [0.763496, 0.958396, -1.15483]';
cam_dir      = [0.37672, 0.0204359, -0.926102]';
cam_up       = [-0.184057, 0.981474, -0.0532131]';
cam_lookat   = [0, 0, 1]';
cam_sky      = [0, 1, 0]';
cam_right    = [-1.20745, -0.253368, -0.496758]';
cam_fpoint   = [0, 0, 1]';
cam_angle    = 90;
