cam_pos      = [0.966055, 1.30164, 1.01542]';
cam_dir      = [-0.469557, 0.0521604, -0.88136]';
cam_up       = [0.103716, 0.9946, 0.00360594]';
cam_lookat   = [0, 0, 1]';
cam_sky      = [0, 1, 0]';
cam_right    = [-1.16613, 0.119325, 0.628335]';
cam_fpoint   = [0, 0, 1]';
cam_angle    = 90;
