cam_pos      = [1.08219, 1.31423, 0.967415]';
cam_dir      = [-0.294209, 0.019559, -0.955541]';
cam_up       = [0.0640558, 0.997946, 0.000704351]';
cam_lookat   = [0, 0, 1]';
cam_sky      = [0, 1, 0]';
cam_right    = [-1.26828, 0.0811309, 0.392161]';
cam_fpoint   = [0, 0, 1]';
cam_angle    = 90;
