cam_pos      = [2.03021, 1.1499, -0.124513]';
cam_dir      = [0.388695, 0.34697, 0.853538]';
cam_up       = [-0.00446141, 0.927081, -0.374834]';
cam_lookat   = [0, 0, 1]';
cam_sky      = [0, 1, 0]';
cam_right    = [1.2254, -0.188711, -0.481327]';
cam_fpoint   = [0, 0, 1]';
cam_angle    = 90;
