cam_pos      = [1.5746, 1.39914, 1.8493]';
cam_dir      = [-0.914031, 0.258914, 0.312267]';
cam_up       = [0.232957, 0.965247, -0.118443]';
cam_lookat   = [0, 0, 1]';
cam_sky      = [0, 1, 0]';
cam_right    = [0.441668, 0.0472365, 1.25363]';
cam_fpoint   = [0, 0, 1]';
cam_angle    = 90;
