cam_pos      = [0.39299, 1.25712, 0.873372]';
cam_dir      = [-0.550312, 0.0564493, -0.833049]';
cam_up       = [0.0742561, 0.997067, 0.0185101]';
cam_lookat   = [0, 0, 1]';
cam_sky      = [0, 1, 0]';
cam_right    = [-1.1061, 0.0687246, 0.735344]';
cam_fpoint   = [0, 0, 1]';
cam_angle    = 90;
