cam_pos      = [0.846943, 0.953506, -1.23097]';
cam_dir      = [0.467901, 0.0419556, -0.882784]';
cam_up       = [-0.202924, 0.977286, -0.0611085]';
cam_lookat   = [0, 0, 1]';
cam_sky      = [0, 1, 0]';
cam_right    = [-1.14402, -0.276282, -0.619497]';
cam_fpoint   = [0, 0, 1]';
cam_angle    = 90;
