cam_pos      = [1.13922, 1.31224, 0.922337]';
cam_dir      = [-0.0208617, -0.00370856, -0.999775]';
cam_up       = [0.0105227, 0.999937, -0.00392873]';
cam_lookat   = [0, 0, 1]';
cam_sky      = [0, 1, 0]';
cam_right    = [-1.32964, 0.0141011, 0.0276925]';
cam_fpoint   = [0, 0, 1]';
cam_angle    = 90;
