cam_pos      = [0.726216, 1.30632, 1.05225]';
cam_dir      = [-0.523202, 0.0748008, -0.84892]';
cam_up       = [0.108213, 0.993908, 0.0208828]';
cam_lookat   = [0, 0, 1]';
cam_sky      = [0, 1, 0]';
cam_right    = [-1.12426, 0.107648, 0.702385]';
cam_fpoint   = [0, 0, 1]';
cam_angle    = 90;
