cam_pos      = [1.45267, 0.999761, -1.2711]';
cam_dir      = [0.928981, 0.2439, 0.278401]';
cam_up       = [-0.164952, 0.946167, -0.278494]';
cam_lookat   = [0, 0, 1]';
cam_sky      = [0, 1, 0]';
cam_right    = [0.440681, -0.283015, -1.22254]';
cam_fpoint   = [0, 0, 1]';
cam_angle    = 90;
