cam_pos      = [1.97265, 1.36094, 1.60923]';
cam_dir      = [-0.659574, 0.294395, 0.691588]';
cam_up       = [0.195386, 0.955629, -0.22045]';
cam_lookat   = [0, 0, 1]';
cam_sky      = [0, 1, 0]';
cam_right    = [0.965314, 0.0136683, 0.914813]';
cam_fpoint   = [0, 0, 1]';
cam_angle    = 90;
