cam_pos      = [0.755513, 0.960059, -1.15107]';
cam_dir      = [0.370744, 0.0202738, -0.928514]';
cam_up       = [-0.182463, 0.981867, -0.0514165]';
cam_lookat   = [0, 0, 1]';
cam_sky      = [0, 1, 0]';
cam_right    = [-1.21114, -0.250681, -0.489069]';
cam_fpoint   = [0, 0, 1]';
cam_angle    = 90;
