cam_pos      = [0.724423, 0.962428, -1.126]';
cam_dir      = [0.32789, 0.0140168, -0.944612]';
cam_up       = [-0.179263, 0.982647, -0.0476439]';
cam_lookat   = [0, 0, 1]';
cam_sky      = [0, 1, 0]';
cam_right    = [-1.23364, -0.245991, -0.431868]';
cam_fpoint   = [0, 0, 1]';
cam_angle    = 90;
