cam_pos      = [0.794512, 1.30017, 1.04816]';
cam_dir      = [-0.509574, 0.0575151, -0.858502]';
cam_up       = [0.0963973, 0.995298, 0.00946198]';
cam_lookat   = [0, 0, 1]';
cam_sky      = [0, 1, 0]';
cam_right    = [-1.13716, 0.103654, 0.68192]';
cam_fpoint   = [0, 0, 1]';
cam_angle    = 90;
