cam_pos      = [2.20725, 1.27183, 1.11425]';
cam_dir      = [-0.30782, 0.272062, 0.911718]';
cam_up       = [0.142604, 0.960614, -0.238506]';
cam_lookat   = [0, 0, 1]';
cam_sky      = [0, 1, 0]';
cam_right    = [1.25113, -0.0752748, 0.444876]';
cam_fpoint   = [0, 0, 1]';
cam_angle    = 90;
