cam_pos      = [1.9088, 1.10796, -0.49902]';
cam_dir      = [0.576773, 0.316533, 0.753087]';
cam_up       = [-0.0528013, 0.934396, -0.3523]';
cam_lookat   = [0, 0, 1]';
cam_sky      = [0, 1, 0]';
cam_right    = [1.08421, -0.217366, -0.739012]';
cam_fpoint   = [0, 0, 1]';
cam_angle    = 90;
