cam_pos      = [1.41441, 0.997871, -1.34631]';
cam_dir      = [0.951624, 0.226364, 0.207776]';
cam_up       = [-0.168619, 0.950022, -0.262729]';
cam_lookat   = [0, 0, 1]';
cam_sky      = [0, 1, 0]';
cam_right    = [0.341629, -0.285929, -1.25317]';
cam_fpoint   = [0, 0, 1]';
cam_angle    = 90;
