cam_pos      = [0.36154, 1.37019, 1.47894]';
cam_dir      = [-0.592374, 0.160862, -0.789441]';
cam_up       = [0.0918588, 0.98696, 0.132182]';
cam_lookat   = [0, 0, 1]';
cam_sky      = [0, 1, 0]';
cam_right    = [-1.06454, -0.00769257, 0.797237]';
cam_fpoint   = [0, 0, 1]';
cam_angle    = 90;
