cam_pos      = [0.0943835, 1.19177, 0.0980665]';
cam_dir      = [-0.172566, 0.0427922, -0.984068]';
cam_up       = [-0.0161092, 0.9988, 0.0462577]';
cam_lookat   = [0, 0, 1]';
cam_sky      = [0, 1, 0]';
cam_right    = [-1.30987, -0.0317007, 0.228321]';
cam_fpoint   = [0, 0, 1]';
cam_angle    = 90;
