cam_pos      = [0.829176, 0.955313, -1.2148]';
cam_dir      = [0.451235, 0.0329911, -0.891795]';
cam_up       = [-0.197373, 0.978258, -0.0636781]';
cam_lookat   = [0, 0, 1]';
cam_sky      = [0, 1, 0]';
cam_right    = [-1.15751, -0.272317, -0.595755]';
cam_fpoint   = [0, 0, 1]';
cam_angle    = 90;
