cam_pos      = [0.189437, 1.20053, 0.570293]';
cam_dir      = [-0.411515, 0.00862785, -0.911362]';
cam_up       = [0.0262909, 0.999651, -0.00240767]';
cam_lookat   = [0, 0, 1]';
cam_sky      = [0, 1, 0]';
cam_right    = [-1.21166, 0.0331852, 0.547425]';
cam_fpoint   = [0, 0, 1]';
cam_angle    = 90;
