cam_pos      = [0.102559, 1.18989, 0.0546468]';
cam_dir      = [-0.162547, 0.0493894, -0.985464]';
cam_up       = [-0.0132236, 0.998548, 0.0522263]';
cam_lookat   = [0, 0, 1]';
cam_sky      = [0, 1, 0]';
cam_right    = [-1.31219, -0.0286224, 0.215005]';
cam_fpoint   = [0, 0, 1]';
cam_angle    = 90;
