cam_pos      = [2.09383, 1.1996, 0.350782]';
cam_dir      = [0.283665, 0.35, 0.892768]';
cam_up       = [0.0236193, 0.928178, -0.371387]';
cam_lookat   = [0, 0, 1]';
cam_sky      = [0, 1, 0]';
cam_right    = [1.27498, -0.16816, -0.339183]';
cam_fpoint   = [0, 0, 1]';
cam_angle    = 90;
