cam_pos      = [0.482168, 1.42135, 1.65735]';
cam_dir      = [-0.707433, 0.198694, -0.678277]';
cam_up       = [0.158676, 0.979822, 0.121531]';
cam_lookat   = [0, 0, 1]';
cam_sky      = [0, 1, 0]';
cam_right    = [-0.916022, 0.0287956, 0.963834]';
cam_fpoint   = [0, 0, 1]';
cam_angle    = 90;
