cam_pos      = [1.12312, 1.31039, 0.935657]';
cam_dir      = [-0.0692174, -0.000863042, -0.997601]';
cam_up       = [0.0198307, 0.999801, -0.00224088]';
cam_lookat   = [0, 0, 1]';
cam_sky      = [0, 1, 0]';
cam_right    = [-1.32655, 0.0265178, 0.092018]';
cam_fpoint   = [0, 0, 1]';
cam_angle    = 90;
