cam_pos      = [2.08268, 1.33073, 1.42654]';
cam_dir      = [-0.538611, 0.281579, 0.794111]';
cam_up       = [0.172565, 0.95939, -0.223141]';
cam_lookat   = [0, 0, 1]';
cam_sky      = [0, 1, 0]';
cam_right    = [1.09684, -0.0224097, 0.751888]';
cam_fpoint   = [0, 0, 1]';
cam_angle    = 90;
