cam_pos      = [0.287431, 1.02129, -0.713195]';
cam_dir      = [-0.193808, 0.0304481, -0.980567]';
cam_up       = [-0.0422535, 0.998332, 0.0393511]';
cam_lookat   = [0, 0, 1]';
cam_sky      = [0, 1, 0]';
cam_right    = [-1.30357, -0.0652483, 0.255623]';
cam_fpoint   = [0, 0, 1]';
cam_angle    = 90;
