cam_pos      = [1.05335, 0.938074, -1.37019]';
cam_dir      = [0.763306, 0.0955737, -0.638928]';
cam_up       = [-0.224999, 0.966406, -0.12424]';
cam_lookat   = [0, 0, 1]';
cam_sky      = [0, 1, 0]';
cam_right    = [-0.805435, -0.317326, -1.00969]';
cam_fpoint   = [0, 0, 1]';
cam_angle    = 90;
