cam_pos      = [2.06449, 1.17509, 0.0864337]';
cam_dir      = [0.360528, 0.343725, 0.867106]';
cam_up       = [-0.00604373, 0.930466, -0.366328]';
cam_lookat   = [0, 0, 1]';
cam_sky      = [0, 1, 0]';
cam_right    = [1.24053, -0.168685, -0.448923]';
cam_fpoint   = [0, 0, 1]';
cam_angle    = 90;
