cam_pos      = [0.182326, 1.14227, 0.0996261]';
cam_dir      = [-0.435398, -0.011675, -0.900162]';
cam_up       = [0.0265744, 0.999313, -0.0258147]';
cam_lookat   = [0, 0, 1]';
cam_sky      = [0, 1, 0]';
cam_right    = [-1.1968, 0.046764, 0.578269]';
cam_fpoint   = [0, 0, 1]';
cam_angle    = 90;
