cam_pos      = [1.92828, 1.12035, -0.444155]';
cam_dir      = [0.55234, 0.321793, 0.769006]';
cam_up       = [-0.0472941, 0.933101, -0.35649]';
cam_lookat   = [0, 0, 1]';
cam_sky      = [0, 1, 0]';
cam_right    = [1.10693, -0.21351, -0.705709]';
cam_fpoint   = [0, 0, 1]';
cam_angle    = 90;
