cam_pos      = [1.91662, 1.1139, -0.477996]';
cam_dir      = [0.567366, 0.317157, 0.759939]';
cam_up       = [-0.0481987, 0.934063, -0.353842]';
cam_lookat   = [0, 0, 1]';
cam_sky      = [0, 1, 0]';
cam_right    = [1.09333, -0.218293, -0.725172]';
cam_fpoint   = [0, 0, 1]';
cam_angle    = 90;
