cam_pos      = [0.0877349, 1.19325, 0.122055]';
cam_dir      = [-0.180959, 0.0443325, -0.982491]';
cam_up       = [-0.0103781, 0.998842, 0.0469818]';
cam_lookat   = [0, 0, 1]';
cam_sky      = [0, 1, 0]';
cam_right    = [-1.30797, -0.0248686, 0.239784]';
cam_fpoint   = [0, 0, 1]';
cam_angle    = 90;
