cam_pos      = [0.298809, 1.01077, -0.793322]';
cam_dir      = [-0.0963953, 0.0269789, -0.994977]';
cam_up       = [-0.0739535, 0.996675, 0.0341897]';
cam_lookat   = [0, 0, 1]';
cam_sky      = [0, 1, 0]';
cam_right    = [-1.32015, -0.102247, 0.125126]';
cam_fpoint   = [0, 0, 1]';
cam_angle    = 90;
