cam_pos      = [0.38608, 0.992815, -0.939987]';
cam_dir      = [0.103083, 0.0164202, -0.994537]';
cam_up       = [-0.145318, 0.989384, 0.00127301]';
cam_lookat   = [0, 0, 1]';
cam_sky      = [0, 1, 0]';
cam_right    = [-1.30872, -0.192043, -0.138819]';
cam_fpoint   = [0, 0, 1]';
cam_angle    = 90;
