cam_pos      = [1.22686, 0.969562, -1.44953]';
cam_dir      = [0.898302, 0.250828, -0.360747]';
cam_up       = [-0.299176, 0.950484, -0.0841112]';
cam_lookat   = [0, 0, 1]';
cam_sky      = [0, 1, 0]';
cam_right    = [-0.427977, -0.244034, -1.23539]';
cam_fpoint   = [0, 0, 1]';
cam_angle    = 90;
