cam_pos      = [0.304872, 1.00763, -0.819494]';
cam_dir      = [-0.0543502, 0.0210976, -0.998299]';
cam_up       = [-0.0876953, 0.995813, 0.0258194]';
cam_lookat   = [0, 0, 1]';
cam_sky      = [0, 1, 0]';
cam_right    = [-1.3229, -0.118303, 0.0695223]';
cam_fpoint   = [0, 0, 1]';
cam_angle    = 90;
