cam_pos      = [1.34446, 0.989316, -1.4423]';
cam_dir      = [0.959932, 0.251514, 0.123574]';
cam_up       = [-0.218265, 0.947614, -0.233211]';
cam_lookat   = [0, 0, 1]';
cam_sky      = [0, 1, 0]';
cam_right    = [0.233755, -0.26187, -1.28284]';
cam_fpoint   = [0, 0, 1]';
cam_angle    = 90;
