cam_pos      = [1.4427, 1.00045, -1.29192]';
cam_dir      = [0.936401, 0.235218, 0.260433]';
cam_up       = [-0.16098, 0.947345, -0.276809]';
cam_lookat   = [0, 0, 1]';
cam_sky      = [0, 1, 0]';
cam_right    = [0.414734, -0.288982, -1.2302]';
cam_fpoint   = [0, 0, 1]';
cam_angle    = 90;
