cam_pos      = [0.750484, 0.960583, -1.14375]';
cam_dir      = [0.362268, 0.0187978, -0.931884]';
cam_up       = [-0.181985, 0.981981, -0.050938]';
cam_lookat   = [0, 0, 1]';
cam_sky      = [0, 1, 0]';
cam_right    = [-1.2158, -0.250096, -0.477684]';
cam_fpoint   = [0, 0, 1]';
cam_angle    = 90;
