cam_pos      = [1.3771, 1.41793, 1.88987]';
cam_dir      = [-0.955234, 0.261495, 0.138377]';
cam_up       = [0.249131, 0.963243, -0.100487]';
cam_lookat   = [0, 0, 1]';
cam_sky      = [0, 1, 0]';
cam_right    = [0.212224, 0.0818143, 1.31041]';
cam_fpoint   = [0, 0, 1]';
cam_angle    = 90;
