cam_pos      = [2.19774, 1.1938, 0.602308]';
cam_dir      = [0.182131, 0.279422, 0.942736]';
cam_up       = [0.073826, 0.95218, -0.296484]';
cam_lookat   = [0, 0, 1]';
cam_sky      = [0, 1, 0]';
cam_right    = [1.30406, -0.164384, -0.203215]';
cam_fpoint   = [0, 0, 1]';
cam_angle    = 90;
