cam_pos      = [0.0787951, 1.19825, 0.188681]';
cam_dir      = [-0.219252, 0.0411443, -0.9748]';
cam_up       = [0.00401389, 0.99914, 0.0412688]';
cam_lookat   = [0, 0, 1]';
cam_sky      = [0, 1, 0]';
cam_right    = [-1.29763, -0.00683025, 0.291575]';
cam_fpoint   = [0, 0, 1]';
cam_angle    = 90;
