cam_pos      = [0.169172, 1.11429, -0.0437298]';
cam_dir      = [-0.414575, -0.00513366, -0.910001]';
cam_up       = [0.0229493, 0.999607, -0.0160943]';
cam_lookat   = [0, 0, 1]';
cam_sky      = [0, 1, 0]';
cam_right    = [-1.20994, 0.0366497, 0.551011]';
cam_fpoint   = [0, 0, 1]';
cam_angle    = 90;
