cam_pos      = [0.567861, 1.28623, 1.00089]';
cam_dir      = [-0.572295, 0.0716842, -0.816909]';
cam_up       = [0.0963948, 0.995146, 0.0197941]';
cam_lookat   = [0, 0, 1]';
cam_sky      = [0, 1, 0]';
cam_right    = [-1.0831, 0.0896654, 0.766648]';
cam_fpoint   = [0, 0, 1]';
cam_angle    = 90;
