cam_pos      = [1.79596, 1.3842, 1.76629]';
cam_dir      = [-0.835932, 0.283225, 0.470107]';
cam_up       = [0.233596, 0.958707, -0.162217]';
cam_lookat   = [0, 0, 1]';
cam_sky      = [0, 1, 0]';
cam_right    = [0.66053, 0.0342967, 1.15387]';
cam_fpoint   = [0, 0, 1]';
cam_angle    = 90;
