cam_pos      = [0.4116, 1.39455, 1.56444]';
cam_dir      = [-0.636564, 0.171683, -0.751872]';
cam_up       = [0.11238, 0.98515, 0.129805]';
cam_lookat   = [0, 0, 1]';
cam_sky      = [0, 1, 0]';
cam_right    = [-1.01478, 0.00248198, 0.859719]';
cam_fpoint   = [0, 0, 1]';
cam_angle    = 90;
