cam_pos      = [2.01896, 1.14407, -0.167368]';
cam_dir      = [0.408401, 0.341823, 0.846384]';
cam_up       = [-0.0142657, 0.929513, -0.368512]';
cam_lookat   = [0, 0, 1]';
cam_sky      = [0, 1, 0]';
cam_right    = [1.21388, -0.184108, -0.511373]';
cam_fpoint   = [0, 0, 1]';
cam_angle    = 90;
