cam_pos      = [0.95258, 1.30293, 1.02016]';
cam_dir      = [-0.482219, 0.0497551, -0.874637]';
cam_up       = [0.10134, 0.994852, 0.00072135]';
cam_lookat   = [0, 0, 1]';
cam_sky      = [0, 1, 0]';
cam_right    = [-1.15733, 0.117423, 0.644755]';
cam_fpoint   = [0, 0, 1]';
cam_angle    = 90;
