cam_pos      = [2.03818, 1.33728, 1.49835]';
cam_dir      = [-0.588352, 0.29315, 0.753595]';
cam_up       = [0.187665, 0.956026, -0.225381]';
cam_lookat   = [0, 0, 1]';
cam_sky      = [0, 1, 0]';
cam_right    = [1.04608, -0.0117305, 0.821267]';
cam_fpoint   = [0, 0, 1]';
cam_angle    = 90;
