cam_pos      = [2.15982, 1.22866, 0.874043]';
cam_dir      = [-0.023812, 0.260808, 0.965097]';
cam_up       = [0.10075, 0.961082, -0.257237]';
cam_lookat   = [0, 0, 1]';
cam_sky      = [0, 1, 0]';
cam_right    = [1.32285, -0.121174, 0.0653851]';
cam_fpoint   = [0, 0, 1]';
cam_angle    = 90;
