cam_pos      = [0.559388, 1.28491, 0.995925]';
cam_dir      = [-0.571654, 0.0714388, -0.817379]';
cam_up       = [0.0968567, 0.995112, 0.0192336]';
cam_lookat   = [0, 0, 1]';
cam_sky      = [0, 1, 0]';
cam_right    = [-1.08363, 0.0906709, 0.765786]';
cam_fpoint   = [0, 0, 1]';
cam_angle    = 90;
