cam_pos      = [1.3228, 0.985198, -1.46569]';
cam_dir      = [0.957446, 0.273469, 0.0922638]';
cam_up       = [-0.247399, 0.942285, -0.225595]';
cam_lookat   = [0, 0, 1]';
cam_sky      = [0, 1, 0]';
cam_right    = [0.197681, -0.256915, -1.28989]';
cam_fpoint   = [0, 0, 1]';
cam_angle    = 90;
