cam_pos      = [0.115793, 1.22082, 0.397351]';
cam_dir      = [-0.256467, 0.0311095, -0.966052]';
cam_up       = [0.0160609, 0.999481, 0.0279222]';
cam_lookat   = [0, 0, 1]';
cam_sky      = [0, 1, 0]';
cam_right    = [-1.28534, 0.0111116, 0.341589]';
cam_fpoint   = [0, 0, 1]';
cam_angle    = 90;
