cam_pos      = [0.782568, 1.44062, 1.83225]';
cam_dir      = [-0.902297, 0.222544, -0.369235]';
cam_up       = [0.225626, 0.97357, 0.0354258]';
cam_lookat   = [0, 0, 1]';
cam_sky      = [0, 1, 0]';
cam_right    = [-0.488589, 0.0682882, 1.23512]';
cam_fpoint   = [0, 0, 1]';
cam_angle    = 90;
