cam_pos      = [0.893043, 0.942598, -1.27311]';
cam_dir      = [0.528597, 0.0598383, -0.846761]';
cam_up       = [-0.216611, 0.973998, -0.0663912]';
cam_lookat   = [0, 0, 1]';
cam_sky      = [0, 1, 0]';
cam_right    = [-1.09163, -0.290621, -0.701993]';
cam_fpoint   = [0, 0, 1]';
cam_angle    = 90;
