cam_pos      = [0.792943, 0.95968, -1.18058]';
cam_dir      = [0.411007, 0.0268229, -0.911238]';
cam_up       = [-0.187647, 0.980652, -0.0557707]';
cam_lookat   = [0, 0, 1]';
cam_sky      = [0, 1, 0]';
cam_right    = [-1.18651, -0.257904, -0.542757]';
cam_fpoint   = [0, 0, 1]';
cam_angle    = 90;
