cam_pos      = [0.372983, 1.25411, 0.850028]';
cam_dir      = [-0.538908, 0.0506968, -0.840838]';
cam_up       = [0.066907, 0.99761, 0.0172672]';
cam_lookat   = [0, 0, 1]';
cam_sky      = [0, 1, 0]';
cam_right    = [-1.1168, 0.0624468, 0.719546]';
cam_fpoint   = [0, 0, 1]';
cam_angle    = 90;
