cam_pos      = [0.174268, 1.09197, -0.186843]';
cam_dir      = [-0.362081, 0.00271117, -0.932143]';
cam_up       = [0.00887966, 0.99996, -0.000540791]';
cam_lookat   = [0, 0, 1]';
cam_sky      = [0, 1, 0]';
cam_right    = [-1.2397, 0.011269, 0.481581]';
cam_fpoint   = [0, 0, 1]';
cam_angle    = 90;
