cam_pos      = [1.1167, 1.31268, 0.943508]';
cam_dir      = [-0.102819, 0.000690582, -0.9947]';
cam_up       = [0.0224173, 0.999747, -0.00162312]';
cam_lookat   = [0, 0, 1]';
cam_sky      = [0, 1, 0]';
cam_right    = [-1.32261, 0.029879, 0.136736]';
cam_fpoint   = [0, 0, 1]';
cam_angle    = 90;
