cam_pos      = [1.85879, 1.3761, 1.72874]';
cam_dir      = [-0.785264, 0.284754, 0.549795]';
cam_up       = [0.220822, 0.958377, -0.180974]';
cam_lookat   = [0, 0, 1]';
cam_sky      = [0, 1, 0]';
cam_right    = [0.769331, 0.0275378, 1.08456]';
cam_fpoint   = [0, 0, 1]';
cam_angle    = 90;
