cam_pos      = [0.983802, 0.930831, -1.34416]';
cam_dir      = [0.688872, 0.0737814, -0.721118]';
cam_up       = [-0.227782, 0.966448, -0.118714]';
cam_lookat   = [0, 0, 1]';
cam_sky      = [0, 1, 0]';
cam_right    = [-0.915259, -0.327228, -0.907811]';
cam_fpoint   = [0, 0, 1]';
cam_angle    = 90;
