cam_pos      = [1.07036, 1.31553, 0.973422]';
cam_dir      = [-0.326786, 0.0315379, -0.944572]';
cam_up       = [0.0766814, 0.997033, 0.00676063]';
cam_lookat   = [0, 0, 1]';
cam_sky      = [0, 1, 0]';
cam_right    = [-1.25284, 0.093395, 0.436553]';
cam_fpoint   = [0, 0, 1]';
cam_angle    = 90;
