cam_pos      = [1.50146, 1.01969, -1.18145]';
cam_dir      = [0.887363, 0.262444, 0.379092]';
cam_up       = [-0.153192, 0.943305, -0.294461]';
cam_lookat   = [0, 0, 1]';
cam_sky      = [0, 1, 0]';
cam_right    = [0.578389, -0.270283, -1.16675]';
cam_fpoint   = [0, 0, 1]';
cam_angle    = 90;
