cam_pos      = [0.174864, 1.17762, 0.356734]';
cam_dir      = [-0.437733, 0.0011023, -0.899104]';
cam_up       = [0.0369617, 0.999176, -0.01677]';
cam_lookat   = [0, 0, 1]';
cam_sky      = [0, 1, 0]';
cam_right    = [-1.1948, 0.0539624, 0.581759]';
cam_fpoint   = [0, 0, 1]';
cam_angle    = 90;
