cam_pos      = [0.933947, 1.44086, 1.88643]';
cam_dir      = [-0.940376, 0.23384, -0.247006]';
cam_up       = [0.238429, 0.971091, 0.0116047]';
cam_lookat   = [0, 0, 1]';
cam_sky      = [0, 1, 0]';
cam_right    = [-0.32263, 0.0638143, 1.2887]';
cam_fpoint   = [0, 0, 1]';
cam_angle    = 90;
