cam_pos      = [0.197506, 1.29307, 0.963221]';
cam_dir      = [-0.316621, 0.0904611, -0.944229]';
cam_up       = [0.0111651, 0.995729, 0.0916511]';
cam_lookat   = [0, 0, 1]';
cam_sky      = [0, 1, 0]';
cam_right    = [-1.26149, -0.0245735, 0.420651]';
cam_fpoint   = [0, 0, 1]';
cam_angle    = 90;
