cam_pos      = [2.1588, 1.25421, 0.929029]';
cam_dir      = [-0.0826266, 0.26321, 0.961194]';
cam_up       = [0.105079, 0.961416, -0.254238]';
cam_lookat   = [0, 0, 1]';
cam_sky      = [0, 1, 0]';
cam_right    = [1.31806, -0.106393, 0.142438]';
cam_fpoint   = [0, 0, 1]';
cam_angle    = 90;
