cam_pos      = [0.151545, 1.23323, 0.693026]';
cam_dir      = [-0.282451, 0.0451807, -0.958217]';
cam_up       = [0.0114069, 0.998978, 0.0437402]';
cam_lookat   = [0, 0, 1]';
cam_sky      = [0, 1, 0]';
cam_right    = [-1.27575, -0.00189415, 0.375962]';
cam_fpoint   = [0, 0, 1]';
cam_angle    = 90;
