cam_pos      = [1.65344, 1.04627, -1.02198]';
cam_dir      = [0.781306, 0.284528, 0.555522]';
cam_up       = [-0.111105, 0.939235, -0.324796]';
cam_lookat   = [0, 0, 1]';
cam_sky      = [0, 1, 0]';
cam_right    = [0.816858, -0.255419, -1.01804]';
cam_fpoint   = [0, 0, 1]';
cam_angle    = 90;
