cam_pos      = [1.1093, 1.44759, 1.92047]';
cam_dir      = [-0.962978, 0.238265, -0.126104]';
cam_up       = [0.24402, 0.969238, -0.0321182]';
cam_lookat   = [0, 0, 1]';
cam_sky      = [0, 1, 0]';
cam_right    = [-0.152381, 0.0820622, 1.31869]';
cam_fpoint   = [0, 0, 1]';
cam_angle    = 90;
