cam_pos      = [0.123654, 1.22041, 0.42762]';
cam_dir      = [-0.254277, 0.0280847, -0.966724]';
cam_up       = [0.0152116, 0.999571, 0.0250379]';
cam_lookat   = [0, 0, 1]';
cam_sky      = [0, 1, 0]';
cam_right    = [-1.28613, 0.0110907, 0.338611]';
cam_fpoint   = [0, 0, 1]';
cam_angle    = 90;
