cam_pos      = [0.423316, 0.984573, -0.972233]';
cam_dir      = [0.127029, 0.0163868, -0.991764]';
cam_up       = [-0.148989, 0.988835, -0.00274464]';
cam_lookat   = [0, 0, 1]';
cam_sky      = [0, 1, 0]';
cam_right    = [-1.30426, -0.196986, -0.170309]';
cam_fpoint   = [0, 0, 1]';
cam_angle    = 90;
