cam_pos      = [0.170965, 1.11857, -0.0229323]';
cam_dir      = [-0.418622, -0.00497688, -0.908147]';
cam_up       = [0.0217384, 0.999644, -0.0154989]';
cam_lookat   = [0, 0, 1]';
cam_sky      = [0, 1, 0]';
cam_right    = [-1.20751, 0.0348858, 0.556425]';
cam_fpoint   = [0, 0, 1]';
cam_angle    = 90;
