cam_pos      = [1.57257, 1.0375, -1.10279]';
cam_dir      = [0.841052, 0.273105, 0.466952]';
cam_up       = [-0.129618, 0.939798, -0.316195]';
cam_lookat   = [0, 0, 1]';
cam_sky      = [0, 1, 0]';
cam_right    = [0.698509, -0.273197, -1.09834]';
cam_fpoint   = [0, 0, 1]';
cam_angle    = 90;
