cam_pos      = [1.6553, 1.39445, 1.82858]';
cam_dir      = [-0.891196, 0.268188, 0.365848]';
cam_up       = [0.233361, 0.962659, -0.137225]';
cam_lookat   = [0, 0, 1]';
cam_sky      = [0, 1, 0]';
cam_right    = [0.517355, 0.0491028, 1.22427]';
cam_fpoint   = [0, 0, 1]';
cam_angle    = 90;
