cam_pos      = [1.3854, 1.41599, 1.88628]';
cam_dir      = [-0.953243, 0.26404, 0.147005]';
cam_up       = [0.251029, 0.962665, -0.101292]';
cam_lookat   = [0, 0, 1]';
cam_sky      = [0, 1, 0]';
cam_right    = [0.223788, 0.079339, 1.30863]';
cam_fpoint   = [0, 0, 1]';
cam_angle    = 90;
