cam_pos      = [1.22912, 0.972006, -1.42788]';
cam_dir      = [0.87038, 0.21566, -0.442639]';
cam_up       = [-0.273405, 0.959333, -0.0702073]';
cam_lookat   = [0, 0, 1]';
cam_sky      = [0, 1, 0]';
cam_right    = [-0.544632, -0.242229, -1.18895]';
cam_fpoint   = [0, 0, 1]';
cam_angle    = 90;
