cam_pos      = [1.76177, 1.38816, 1.78968]';
cam_dir      = [-0.855206, 0.282022, 0.43484]';
cam_up       = [0.234898, 0.958785, -0.159856]';
cam_lookat   = [0, 0, 1]';
cam_sky      = [0, 1, 0]';
cam_right    = [0.614461, 0.0459736, 1.17865]';
cam_fpoint   = [0, 0, 1]';
cam_angle    = 90;
