cam_pos      = [0.695971, 1.3022, 1.04671]';
cam_dir      = [-0.54274, 0.0775759, -0.83631]';
cam_up       = [0.105982, 0.994092, 0.0234326]';
cam_lookat   = [0, 0, 1]';
cam_sky      = [0, 1, 0]';
cam_right    = [-1.10814, 0.100968, 0.728514]';
cam_fpoint   = [0, 0, 1]';
cam_angle    = 90;
