cam_pos      = [0.142131, 1.22214, 0.490561]';
cam_dir      = [-0.256889, 0.0329103, -0.96588]';
cam_up       = [0.0160859, 0.999427, 0.0297751]';
cam_lookat   = [0, 0, 1]';
cam_sky      = [0, 1, 0]';
cam_right    = [-1.28519, 0.0104913, 0.34217]';
cam_fpoint   = [0, 0, 1]';
cam_angle    = 90;
