cam_pos      = [1.17428, 0.950837, -1.41123]';
cam_dir      = [0.830567, 0.132618, -0.540899]';
cam_up       = [-0.22218, 0.969501, -0.103461]';
cam_lookat   = [0, 0, 1]';
cam_sky      = [0, 1, 0]';
cam_right    = [-0.679206, -0.274124, -1.11015]';
cam_fpoint   = [0, 0, 1]';
cam_angle    = 90;
