cam_pos      = [2.17764, 1.19588, 0.539378]';
cam_dir      = [0.219744, 0.302887, 0.927347]';
cam_up       = [0.0674669, 0.943587, -0.324178]';
cam_lookat   = [0, 0, 1]';
cam_sky      = [0, 1, 0]';
cam_right    = [1.29439, -0.177955, -0.248594]';
cam_fpoint   = [0, 0, 1]';
cam_angle    = 90;
