cam_pos      = [2.18098, 1.19377, 0.548115]';
cam_dir      = [0.214325, 0.301629, 0.929024]';
cam_up       = [0.0669883, 0.944347, -0.322058]';
cam_lookat   = [0, 0, 1]';
cam_sky      = [0, 1, 0]';
cam_right    = [1.29604, -0.174574, -0.242314]';
cam_fpoint   = [0, 0, 1]';
cam_angle    = 90;
