cam_pos      = [2.0223, 1.33843, 1.51994]';
cam_dir      = [-0.601752, 0.295107, 0.742163]';
cam_up       = [0.190433, 0.955448, -0.225511]';
cam_lookat   = [0, 0, 1]';
cam_sky      = [0, 1, 0]';
cam_right    = [1.03161, -0.00748892, 0.839418]';
cam_fpoint   = [0, 0, 1]';
cam_angle    = 90;
