cam_pos      = [0.820101, 1.2953, 1.04336]';
cam_dir      = [-0.50966, 0.0542176, -0.858666]';
cam_up       = [0.0935901, 0.995584, 0.00731259]';
cam_lookat   = [0, 0, 1]';
cam_sky      = [0, 1, 0]';
cam_right    = [-1.13751, 0.101925, 0.681602]';
cam_fpoint   = [0, 0, 1]';
cam_angle    = 90;
