cam_pos      = [1.7285, 1.05551, -0.928363]';
cam_dir      = [0.713364, 0.300953, 0.632882]';
cam_up       = [-0.0945543, 0.936169, -0.338596]';
cam_lookat   = [0, 0, 1]';
cam_sky      = [0, 1, 0]';
cam_right    = [0.923533, -0.241661, -0.926059]';
cam_fpoint   = [0, 0, 1]';
cam_angle    = 90;
