cam_pos      = [1.38236, 0.988347, -1.39997]';
cam_dir      = [0.958356, 0.238111, 0.157661]';
cam_up       = [-0.195357, 0.949318, -0.246235]';
cam_lookat   = [0, 0, 1]';
cam_sky      = [0, 1, 0]';
cam_right    = [0.277042, -0.272891, -1.27188]';
cam_fpoint   = [0, 0, 1]';
cam_angle    = 90;
