cam_pos      = [0.829237, 1.44007, 1.85361]';
cam_dir      = [-0.91832, 0.219805, -0.329202]';
cam_up       = [0.223459, 0.974334, 0.0272052]';
cam_lookat   = [0, 0, 1]';
cam_sky      = [0, 1, 0]';
cam_right    = [-0.434554, 0.0646114, 1.25534]';
cam_fpoint   = [0, 0, 1]';
cam_angle    = 90;
