cam_pos      = [0.16104, 1.27581, 0.833299]';
cam_dir      = [-0.282406, 0.068533, -0.956844]';
cam_up       = [0.00652021, 0.997559, 0.0695248]';
cam_lookat   = [0, 0, 1]';
cam_sky      = [0, 1, 0]';
cam_right    = [-1.27583, -0.0178159, 0.375277]';
cam_fpoint   = [0, 0, 1]';
cam_angle    = 90;
