cam_pos      = [0.911981, 1.2993, 1.0286]';
cam_dir      = [-0.502421, 0.0520628, -0.863054]';
cam_up       = [0.0980593, 0.995176, 0.00294838]';
cam_lookat   = [0, 0, 1]';
cam_sky      = [0, 1, 0]';
cam_right    = [-1.14253, 0.110588, 0.671786]';
cam_fpoint   = [0, 0, 1]';
cam_angle    = 90;
