cam_pos      = [0.397878, 1.38676, 1.54502]';
cam_dir      = [-0.62735, 0.163375, -0.761407]';
cam_up       = [0.102498, 0.986562, 0.127235]';
cam_lookat   = [0, 0, 1]';
cam_sky      = [0, 1, 0]';
cam_right    = [-1.02671, -0.00236469, 0.845434]';
cam_fpoint   = [0, 0, 1]';
cam_angle    = 90;
