cam_pos      = [0.237157, 1.31079, 1.07479]';
cam_dir      = [-0.380018, 0.10226, -0.919309]';
cam_up       = [0.0243017, 0.994631, 0.100593]';
cam_lookat   = [0, 0, 1]';
cam_sky      = [0, 1, 0]';
cam_right    = [-1.2298, -0.0211288, 0.506016]';
cam_fpoint   = [0, 0, 1]';
cam_angle    = 90;
