cam_pos      = [0.180323, 1.13804, 0.077815]';
cam_dir      = [-0.431059, -0.0160075, -0.902182]';
cam_up       = [0.0212683, 0.999385, -0.0278941]';
cam_lookat   = [0, 0, 1]';
cam_sky      = [0, 1, 0]';
cam_right    = [-1.19976, 0.0415118, 0.572502]';
cam_fpoint   = [0, 0, 1]';
cam_angle    = 90;
