cam_pos      = [2.11468, 1.31034, 1.37161]';
cam_dir      = [-0.484729, 0.284275, 0.827179]';
cam_up       = [0.168173, 0.958356, -0.230807]';
cam_lookat   = [0, 0, 1]';
cam_sky      = [0, 1, 0]';
cam_right    = [1.1416, -0.0362166, 0.681426]';
cam_fpoint   = [0, 0, 1]';
cam_angle    = 90;
