cam_pos      = [1.30422, 0.979881, -1.47204]';
cam_dir      = [0.95875, 0.278129, 0.0586821]';
cam_up       = [-0.259031, 0.939876, -0.222566]';
cam_lookat   = [0, 0, 1]';
cam_sky      = [0, 1, 0]';
cam_right    = [0.155684, -0.263586, -1.29429]';
cam_fpoint   = [0, 0, 1]';
cam_angle    = 90;
