cam_pos      = [1.92545, 1.35418, 1.66706]';
cam_dir      = [-0.708358, 0.292511, 0.642391]';
cam_up       = [0.209988, 0.956215, -0.203858]';
cam_lookat   = [0, 0, 1]';
cam_sky      = [0, 1, 0]';
cam_right    = [0.89628, 0.0126484, 0.982559]';
cam_fpoint   = [0, 0, 1]';
cam_angle    = 90;
