cam_pos      = [1.14133, 1.3105, 0.919362]';
cam_dir      = [-0.0149905, -0.002983, -0.999883]';
cam_up       = [0.00959125, 0.999949, -0.00312699]';
cam_lookat   = [0, 0, 1]';
cam_sky      = [0, 1, 0]';
cam_right    = [-1.32979, 0.0128172, 0.0198983]';
cam_fpoint   = [0, 0, 1]';
cam_angle    = 90;
