cam_pos      = [0.248618, 1.31559, 1.11132]';
cam_dir      = [-0.399536, 0.104978, -0.910687]';
cam_up       = [0.0259742, 0.994319, 0.103223]';
cam_lookat   = [0, 0, 1]';
cam_sky      = [0, 1, 0]';
cam_right    = [-1.21874, -0.0233907, 0.531991]';
cam_fpoint   = [0, 0, 1]';
cam_angle    = 90;
