cam_pos      = [0.234545, 1.31018, 1.06614]';
cam_dir      = [-0.375418, 0.10076, -0.921362]';
cam_up       = [0.0233374, 0.994786, 0.0992805]';
cam_lookat   = [0, 0, 1]';
cam_sky      = [0, 1, 0]';
cam_right    = [-1.23233, -0.0209734, 0.49983]';
cam_fpoint   = [0, 0, 1]';
cam_angle    = 90;
