cam_pos      = [1.64815, 1.39713, 1.83343]';
cam_dir      = [-0.894783, 0.266902, 0.357948]';
cam_up       = [0.232763, 0.962953, -0.136171]';
cam_lookat   = [0, 0, 1]';
cam_sky      = [0, 1, 0]';
cam_right    = [0.506773, 0.0512396, 1.2286]';
cam_fpoint   = [0, 0, 1]';
cam_angle    = 90;
