cam_pos      = [0.387693, 1.25469, 0.865784]';
cam_dir      = [-0.547478, 0.0551503, -0.835001]';
cam_up       = [0.0727752, 0.997183, 0.0181463]';
cam_lookat   = [0, 0, 1]';
cam_sky      = [0, 1, 0]';
cam_right    = [-1.10875, 0.0676075, 0.731432]';
cam_fpoint   = [0, 0, 1]';
cam_angle    = 90;
