cam_pos      = [0.173326, 1.12401, 0.000419763]';
cam_dir      = [-0.42216, -0.00631978, -0.906499]';
cam_up       = [0.0211353, 0.999635, -0.0168119]';
cam_lookat   = [0, 0, 1]';
cam_sky      = [0, 1, 0]';
cam_right    = [-1.20535, 0.034921, 0.56109]';
cam_fpoint   = [0, 0, 1]';
cam_angle    = 90;
