cam_pos      = [1.12233, 1.30906, 0.934071]';
cam_dir      = [-0.0623333, 5.8322e-05, -0.998055]';
cam_up       = [0.0201519, 0.999796, -0.00120016]';
cam_lookat   = [0, 0, 1]';
cam_sky      = [0, 1, 0]';
cam_right    = [-1.32714, 0.0268494, 0.082888]';
cam_fpoint   = [0, 0, 1]';
cam_angle    = 90;
