cam_pos      = [1.06431, 1.31348, 0.979729]';
cam_dir      = [-0.345591, 0.0354603, -0.937715]';
cam_up       = [0.0846115, 0.996393, 0.00649606]';
cam_lookat   = [0, 0, 1]';
cam_sky      = [0, 1, 0]';
cam_right    = [-1.24297, 0.102538, 0.461969]';
cam_fpoint   = [0, 0, 1]';
cam_angle    = 90;
