cam_pos      = [2.20163, 1.20758, 0.708242]';
cam_dir      = [0.126982, 0.250285, 0.959809]';
cam_up       = [0.0960212, 0.959996, -0.263037]';
cam_lookat   = [0, 0, 1]';
cam_sky      = [0, 1, 0]';
cam_right    = [1.31304, -0.166999, -0.130166]';
cam_fpoint   = [0, 0, 1]';
cam_angle    = 90;
