cam_pos      = [1.13863, 1.44414, 1.91965]';
cam_dir      = [-0.966921, 0.23825, -0.0911057]';
cam_up       = [0.242544, 0.969347, -0.0392287]';
cam_lookat   = [0, 0, 1]';
cam_sky      = [0, 1, 0]';
cam_right    = [-0.105026, 0.0798375, 1.32344]';
cam_fpoint   = [0, 0, 1]';
cam_angle    = 90;
