cam_pos      = [1.22824, 0.964272, -1.50048]';
cam_dir      = [0.943859, 0.269767, -0.190673]';
cam_up       = [-0.297581, 0.944938, -0.136153]';
cam_lookat   = [0, 0, 1]';
cam_sky      = [0, 1, 0]';
cam_right    = [-0.190782, -0.246383, -1.29298]';
cam_fpoint   = [0, 0, 1]';
cam_angle    = 90;
