cam_pos      = [0.316198, 1.34321, 1.32086]';
cam_dir      = [-0.491736, 0.138689, -0.859628]';
cam_up       = [0.0540659, 0.990192, 0.128826]';
cam_lookat   = [0, 0, 1]';
cam_sky      = [0, 1, 0]';
cam_right    = [-1.15586, -0.0224396, 0.657568]';
cam_fpoint   = [0, 0, 1]';
cam_angle    = 90;
