cam_pos      = [0.303414, 1.00691, -0.814353]';
cam_dir      = [-0.064831, 0.0235135, -0.997619]';
cam_up       = [-0.083345, 0.996102, 0.028894]';
cam_lookat   = [0, 0, 1]';
cam_sky      = [0, 1, 0]';
cam_right    = [-1.32257, -0.113076, 0.0832826]';
cam_fpoint   = [0, 0, 1]';
cam_angle    = 90;
