cam_pos      = [2.10751, 1.203, 0.384135]';
cam_dir      = [0.266231, 0.346249, 0.899574]';
cam_up       = [0.0243839, 0.930537, -0.365384]';
cam_lookat   = [0, 0, 1]';
cam_sky      = [0, 1, 0]';
cam_right    = [1.28159, -0.158552, -0.318262]';
cam_fpoint   = [0, 0, 1]';
cam_angle    = 90;
