cam_pos      = [0.150437, 1.2207, 0.530869]';
cam_dir      = [-0.271948, 0.0245949, -0.961998]';
cam_up       = [0.0103824, 0.99969, 0.0226236]';
cam_lookat   = [0, 0, 1]';
cam_sky      = [0, 1, 0]';
cam_right    = [-1.2798, 0.0051011, 0.361918]';
cam_fpoint   = [0, 0, 1]';
cam_angle    = 90;
