cam_pos      = [0.234763, 1.21412, 0.666548]';
cam_dir      = [-0.449093, 0.0200372, -0.89326]';
cam_up       = [0.0328508, 0.999443, 0.00590306]';
cam_lookat   = [0, 0, 1]';
cam_sky      = [0, 1, 0]';
cam_right    = [-1.18753, 0.0355021, 0.597836]';
cam_fpoint   = [0, 0, 1]';
cam_angle    = 90;
