cam_pos      = [1.00442, 0.933035, -1.35271]';
cam_dir      = [0.715932, 0.0793107, -0.693651]';
cam_up       = [-0.225566, 0.966521, -0.122301]';
cam_lookat   = [0, 0, 1]';
cam_sky      = [0, 1, 0]';
cam_right    = [-0.878768, -0.324552, -0.944104]';
cam_fpoint   = [0, 0, 1]';
cam_angle    = 90;
