cam_pos      = [0.211117, 1.20995, 0.629255]';
cam_dir      = [-0.426968, 0.016844, -0.90411]';
cam_up       = [0.0299414, 0.999542, 0.00448201]';
cam_lookat   = [0, 0, 1]';
cam_sky      = [0, 1, 0]';
cam_right    = [-1.20202, 0.0334583, 0.568278]';
cam_fpoint   = [0, 0, 1]';
cam_angle    = 90;
