cam_pos      = [1.91426, 1.11115, -0.487553]';
cam_dir      = [0.571712, 0.317263, 0.75663]';
cam_up       = [-0.0507898, 0.934126, -0.353312]';
cam_lookat   = [0, 0, 1]';
cam_sky      = [0, 1, 0]';
cam_right    = [1.08911, -0.21754, -0.731719]';
cam_fpoint   = [0, 0, 1]';
cam_angle    = 90;
