cam_pos      = [2.1894, 1.29927, 1.21207]';
cam_dir      = [-0.405619, 0.2846, 0.868606]';
cam_up       = [0.162377, 0.957612, -0.237937]';
cam_lookat   = [0, 0, 1]';
cam_sky      = [0, 1, 0]';
cam_right    = [1.19634, -0.0592249, 0.578069]';
cam_fpoint   = [0, 0, 1]';
cam_angle    = 90;
