cam_pos      = [0.335253, 1.2383, 0.805358]';
cam_dir      = [-0.517821, 0.0413966, -0.854487]';
cam_up       = [0.0518474, 0.998511, 0.0169544]';
cam_lookat   = [0, 0, 1]';
cam_sky      = [0, 1, 0]';
cam_right    = [-1.13571, 0.0472464, 0.690532]';
cam_fpoint   = [0, 0, 1]';
cam_angle    = 90;
