cam_pos      = [1.1492, 1.31308, 0.910278]';
cam_dir      = [-0.0118779, -0.0025559, -0.999926]';
cam_up       = [0.00383977, 0.999989, -0.00260167]';
cam_lookat   = [0, 0, 1]';
cam_sky      = [0, 1, 0]';
cam_right    = [-1.3299, 0.00514762, 0.0157844]';
cam_fpoint   = [0, 0, 1]';
cam_angle    = 90;
