cam_pos      = [1.75022, 1.38527, 1.79134]';
cam_dir      = [-0.857887, 0.280407, 0.430583]';
cam_up       = [0.234507, 0.959275, -0.157476]';
cam_lookat   = [0, 0, 1]';
cam_sky      = [0, 1, 0]';
cam_right    = [0.608083, 0.0453815, 1.18198]';
cam_fpoint   = [0, 0, 1]';
cam_angle    = 90;
