cam_pos      = [2.01362, 1.14375, -0.17921]';
cam_dir      = [0.414408, 0.341183, 0.843718]';
cam_up       = [-0.0146372, 0.929448, -0.368662]';
cam_lookat   = [0, 0, 1]';
cam_sky      = [0, 1, 0]';
cam_right    = [1.21026, -0.186768, -0.518919]';
cam_fpoint   = [0, 0, 1]';
cam_angle    = 90;
