cam_pos      = [1.29498, 0.980872, -1.47994]';
cam_dir      = [0.959186, 0.27855, 0.0487105]';
cam_up       = [-0.261735, 0.939744, -0.219944]';
cam_lookat   = [0, 0, 1]';
cam_sky      = [0, 1, 0]';
cam_right    = [0.142365, -0.26363, -1.29581]';
cam_fpoint   = [0, 0, 1]';
cam_angle    = 90;
