cam_pos      = [0.183475, 1.20094, 0.530524]';
cam_dir      = [-0.408502, 0.00505633, -0.912743]';
cam_up       = [0.0229441, 0.999726, -0.00473054]';
cam_lookat   = [0, 0, 1]';
cam_sky      = [0, 1, 0]';
cam_right    = [-1.21358, 0.0304231, 0.543313]';
cam_fpoint   = [0, 0, 1]';
cam_angle    = 90;
