cam_pos      = [1.30859, 0.98105, -1.47004]';
cam_dir      = [0.958405, 0.277984, 0.0646823]';
cam_up       = [-0.257615, 0.940115, -0.223201]';
cam_lookat   = [0, 0, 1]';
cam_sky      = [0, 1, 0]';
cam_right    = [0.163397, -0.262348, -1.29359]';
cam_fpoint   = [0, 0, 1]';
cam_angle    = 90;
