cam_pos      = [2.17051, 1.24153, 1.00986]';
cam_dir      = [-0.17819, 0.27935, 0.94351]';
cam_up       = [0.122226, 0.957714, -0.260472]';
cam_lookat   = [0, 0, 1]';
cam_sky      = [0, 1, 0]';
cam_right    = [1.29858, -0.0916476, 0.272383]';
cam_fpoint   = [0, 0, 1]';
cam_angle    = 90;
