cam_pos      = [1.05291, 1.44918, 1.912]';
cam_dir      = [-0.954803, 0.239771, -0.175673]';
cam_up       = [0.247427, 0.96864, -0.0227265]';
cam_lookat   = [0, 0, 1]';
cam_sky      = [0, 1, 0]';
cam_right    = [-0.219071, 0.0866704, 1.30897]';
cam_fpoint   = [0, 0, 1]';
cam_angle    = 90;
