cam_pos      = [1.00644, 1.4461, 1.8997]';
cam_dir      = [-0.951961, 0.230005, -0.202156]';
cam_up       = [0.236906, 0.971478, -0.0102915]';
cam_lookat   = [0, 0, 1]';
cam_sky      = [0, 1, 0]';
cam_right    = [-0.258051, 0.0767265, 1.30247]';
cam_fpoint   = [0, 0, 1]';
cam_angle    = 90;
