cam_pos      = [1.92094, 1.11583, -0.466606]';
cam_dir      = [0.562334, 0.318967, 0.762916]';
cam_up       = [-0.0475787, 0.933562, -0.355243]';
cam_lookat   = [0, 0, 1]';
cam_sky      = [0, 1, 0]';
cam_right    = [1.09797, -0.217411, -0.7184]';
cam_fpoint   = [0, 0, 1]';
cam_angle    = 90;
