cam_pos      = [1.94732, 1.35968, 1.64121]';
cam_dir      = [-0.683885, 0.297996, 0.665958]';
cam_up       = [0.205451, 0.954504, -0.21613]';
cam_lookat   = [0, 0, 1]';
cam_sky      = [0, 1, 0]';
cam_right    = [0.931086, 0.0146118, 0.949613]';
cam_fpoint   = [0, 0, 1]';
cam_angle    = 90;
