cam_pos      = [2.06077, 1.33301, 1.46475]';
cam_dir      = [-0.566783, 0.291183, 0.770694]';
cam_up       = [0.181983, 0.956601, -0.227589]';
cam_lookat   = [0, 0, 1]';
cam_sky      = [0, 1, 0]';
cam_right    = [1.06868, -0.0149757, 0.791583]';
cam_fpoint   = [0, 0, 1]';
cam_angle    = 90;
