cam_pos      = [0.505029, 1.42573, 1.67973]';
cam_dir      = [-0.731742, 0.20074, -0.65135]';
cam_up       = [0.164242, 0.979417, 0.117334]';
cam_lookat   = [0, 0, 1]';
cam_sky      = [0, 1, 0]';
cam_right    = [-0.879791, 0.0280908, 0.997035]';
cam_fpoint   = [0, 0, 1]';
cam_angle    = 90;
