cam_pos      = [1.46377, 1.0069, -1.25059]';
cam_dir      = [0.92092, 0.246267, 0.302092]';
cam_up       = [-0.160457, 0.945912, -0.281965]';
cam_lookat   = [0, 0, 1]';
cam_sky      = [0, 1, 0]';
cam_right    = [0.472404, -0.280888, -1.21113]';
cam_fpoint   = [0, 0, 1]';
cam_angle    = 90;
