cam_pos      = [0.168639, 1.11166, -0.063719]';
cam_dir      = [-0.410784, -0.00900618, -0.911688]';
cam_up       = [0.0209046, 0.999595, -0.0192937]';
cam_lookat   = [0, 0, 1]';
cam_sky      = [0, 1, 0]';
cam_right    = [-1.21229, 0.0358887, 0.545871]';
cam_fpoint   = [0, 0, 1]';
cam_angle    = 90;
