cam_pos      = [2.20072, 1.26884, 1.09405]';
cam_dir      = [-0.285112, 0.267589, 0.920384]';
cam_up       = [0.139004, 0.961632, -0.236521]';
cam_lookat   = [0, 0, 1]';
cam_sky      = [0, 1, 0]';
cam_right    = [1.26132, -0.0804678, 0.414121]';
cam_fpoint   = [0, 0, 1]';
cam_angle    = 90;
