cam_pos      = [0.077175, 1.20067, 0.196034]';
cam_dir      = [-0.221609, 0.0391241, -0.97435]';
cam_up       = [0.00514319, 0.999228, 0.0389532]';
cam_lookat   = [0, 0, 1]';
cam_sky      = [0, 1, 0]';
cam_right    = [-1.29691, -0.00481609, 0.29478]';
cam_fpoint   = [0, 0, 1]';
cam_angle    = 90;
