cam_pos      = [0.664559, 1.30083, 1.04013]';
cam_dir      = [-0.550073, 0.0824921, -0.831032]';
cam_up       = [0.110282, 0.99357, 0.025629]';
cam_lookat   = [0, 0, 1]';
cam_sky      = [0, 1, 0]';
cam_right    = [-1.10098, 0.103142, 0.738992]';
cam_fpoint   = [0, 0, 1]';
cam_angle    = 90;
