cam_pos      = [2.03804, 1.15098, -0.101982]';
cam_dir      = [0.37919, 0.349722, 0.856685]';
cam_up       = [-0.000852178, 0.925959, -0.377624]';
cam_lookat   = [0, 0, 1]';
cam_sky      = [0, 1, 0]';
cam_right    = [1.23067, -0.189473, -0.467378]';
cam_fpoint   = [0, 0, 1]';
cam_angle    = 90;
