cam_pos      = [0.571979, 0.967311, -1.05299]';
cam_dir      = [0.190841, -0.00362183, -0.981614]';
cam_up       = [-0.15587, 0.987194, -0.0339459]';
cam_lookat   = [0, 0, 1]';
cam_sky      = [0, 1, 0]';
cam_right    = [-1.28899, -0.212111, -0.249818]';
cam_fpoint   = [0, 0, 1]';
cam_angle    = 90;
