cam_pos      = [1.70109, 1.0529, -0.962771]';
cam_dir      = [0.740386, 0.294437, 0.604264]';
cam_up       = [-0.099577, 0.937084, -0.334601]';
cam_lookat   = [0, 0, 1]';
cam_sky      = [0, 1, 0]';
cam_right    = [0.884137, -0.249459, -0.961754]';
cam_fpoint   = [0, 0, 1]';
cam_angle    = 90;
