cam_pos      = [1.04817, 0.93668, -1.36857]';
cam_dir      = [0.758548, 0.09592, -0.644519]';
cam_up       = [-0.227101, 0.966007, -0.123515]';
cam_lookat   = [0, 0, 1]';
cam_sky      = [0, 1, 0]';
cam_right    = [-0.812313, -0.319284, -1.00355]';
cam_fpoint   = [0, 0, 1]';
cam_angle    = 90;
