cam_pos      = [0.953093, 0.933455, -1.32555]';
cam_dir      = [0.642376, 0.0667806, -0.763474]';
cam_up       = [-0.230732, 0.966829, -0.109567]';
cam_lookat   = [0, 0, 1]';
cam_sky      = [0, 1, 0]';
cam_right    = [-0.972007, -0.3279, -0.846513]';
cam_fpoint   = [0, 0, 1]';
cam_angle    = 90;
