cam_pos      = [0.682279, 0.965367, -1.10305]';
cam_dir      = [0.276595, 0.00800507, -0.960953]';
cam_up       = [-0.170138, 0.984577, -0.0407696]';
cam_lookat   = [0, 0, 1]';
cam_sky      = [0, 1, 0]';
cam_right    = [-1.25792, -0.232445, -0.364009]';
cam_fpoint   = [0, 0, 1]';
cam_angle    = 90;
