cam_pos      = [1.43227, 0.998668, -1.31189]';
cam_dir      = [0.942884, 0.232044, 0.239009]';
cam_up       = [-0.164004, 0.94786, -0.273247]';
cam_lookat   = [0, 0, 1]';
cam_sky      = [0, 1, 0]';
cam_right    = [0.385637, -0.290528, -1.23926]';
cam_fpoint   = [0, 0, 1]';
cam_angle    = 90;
