cam_pos      = [0.288925, 1.22537, 0.750121]';
cam_dir      = [-0.494256, 0.033324, -0.868677]';
cam_up       = [0.0484953, 0.998766, 0.0107218]';
cam_lookat   = [0, 0, 1]';
cam_sky      = [0, 1, 0]';
cam_right    = [-1.15439, 0.0489806, 0.658698]';
cam_fpoint   = [0, 0, 1]';
cam_angle    = 90;
