cam_pos      = [0.923181, 0.938931, -1.30215]';
cam_dir      = [0.584041, 0.0663512, -0.809008]';
cam_up       = [-0.227759, 0.970012, -0.0848684]';
cam_lookat   = [0, 0, 1]';
cam_sky      = [0, 1, 0]';
cam_right    = [-1.03622, -0.310987, -0.77358]';
cam_fpoint   = [0, 0, 1]';
cam_angle    = 90;
