cam_pos      = [1.76611, 1.06109, -0.866176]';
cam_dir      = [0.670581, 0.30981, 0.674047]';
cam_up       = [-0.0877612, 0.935369, -0.342611]';
cam_lookat   = [0, 0, 1]';
cam_sky      = [0, 1, 0]';
cam_right    = [0.979714, -0.226889, -0.870392]';
cam_fpoint   = [0, 0, 1]';
cam_angle    = 90;
