cam_pos      = [0.172689, 1.18354, 0.391991]';
cam_dir      = [-0.428152, 0.00400837, -0.903698]';
cam_up       = [0.0338039, 0.999361, -0.0115829]';
cam_lookat   = [0, 0, 1]';
cam_sky      = [0, 1, 0]';
cam_right    = [-1.20109, 0.0472252, 0.569259]';
cam_fpoint   = [0, 0, 1]';
cam_angle    = 90;
