cam_pos      = [0.918779, 0.939795, -1.29851]';
cam_dir      = [0.574951, 0.0654824, -0.815563]';
cam_up       = [-0.22617, 0.970672, -0.0815078]';
cam_lookat   = [0, 0, 1]';
cam_sky      = [0, 1, 0]';
cam_right    = [-1.04579, -0.307654, -0.761956]';
cam_fpoint   = [0, 0, 1]';
cam_angle    = 90;
