cam_pos      = [1.8615, 1.08012, -0.655962]';
cam_dir      = [0.637917, 0.304499, 0.707349]';
cam_up       = [-0.0763632, 0.938994, -0.33535]';
cam_lookat   = [0, 0, 1]';
cam_sky      = [0, 1, 0]';
cam_right    = [1.01919, -0.21268, -0.827595]';
cam_fpoint   = [0, 0, 1]';
cam_angle    = 90;
