cam_pos      = [1.35503, 0.987215, -1.43188]';
cam_dir      = [0.960345, 0.24594, 0.131341]';
cam_up       = [-0.21074, 0.948722, -0.235615]';
cam_lookat   = [0, 0, 1]';
cam_sky      = [0, 1, 0]';
cam_right    = [0.242795, -0.264129, -1.2807]';
cam_fpoint   = [0, 0, 1]';
cam_angle    = 90;
