cam_pos      = [0.647467, 1.44051, 1.76072]';
cam_dir      = [-0.845692, 0.21915, -0.486599]';
cam_up       = [0.208481, 0.975008, 0.0767817]';
cam_lookat   = [0, 0, 1]';
cam_sky      = [0, 1, 0]';
cam_right    = [-0.653381, 0.0485622, 1.15743]';
cam_fpoint   = [0, 0, 1]';
cam_angle    = 90;
