cam_pos      = [1.09904, 1.30677, 0.951419]';
cam_dir      = [-0.169762, 0.00995061, -0.985435]';
cam_up       = [0.0380419, 0.99927, 0.00353679]';
cam_lookat   = [0, 0, 1]';
cam_sky      = [0, 1, 0]';
cam_right    = [-1.30972, 0.0490602, 0.226123]';
cam_fpoint   = [0, 0, 1]';
cam_angle    = 90;
