cam_pos      = [1.22617, 0.969233, -1.42399]';
cam_dir      = [0.856588, 0.190856, -0.479408]';
cam_up       = [-0.253538, 0.964869, -0.0688905]';
cam_lookat   = [0, 0, 1]';
cam_sky      = [0, 1, 0]';
cam_right    = [-0.597726, -0.240143, -1.1636]';
cam_fpoint   = [0, 0, 1]';
cam_angle    = 90;
