cam_pos      = [1.12414, 0.94475, -1.39643]';
cam_dir      = [0.807546, 0.110907, -0.579283]';
cam_up       = [-0.217241, 0.969043, -0.117315]';
cam_lookat   = [0, 0, 1]';
cam_sky      = [0, 1, 0]';
cam_right    = [-0.729291, -0.293373, -1.07283]';
cam_fpoint   = [0, 0, 1]';
cam_angle    = 90;
