cam_pos      = [1.23093, 0.963956, -1.50717]';
cam_dir      = [0.953013, 0.270348, -0.136671]';
cam_up       = [-0.290949, 0.9425, -0.164448]';
cam_lookat   = [0, 0, 1]';
cam_sky      = [0, 1, 0]';
cam_right    = [-0.112191, -0.261325, -1.29924]';
cam_fpoint   = [0, 0, 1]';
cam_angle    = 90;
