cam_pos      = [0.266294, 1.22043, 0.715444]';
cam_dir      = [-0.48325, 0.0258269, -0.875101]';
cam_up       = [0.0389024, 0.999211, 0.00800703]';
cam_lookat   = [0, 0, 1]';
cam_sky      = [0, 1, 0]';
cam_right    = [-1.16324, 0.0401316, 0.643551]';
cam_fpoint   = [0, 0, 1]';
cam_angle    = 90;
