cam_pos      = [0.881327, 0.946069, -1.26055]';
cam_dir      = [0.509102, 0.0531566, -0.859063]';
cam_up       = [-0.213496, 0.974698, -0.0662112]';
cam_lookat   = [0, 0, 1]';
cam_sky      = [0, 1, 0]';
cam_right    = [-1.10896, -0.288763, -0.675067]';
cam_fpoint   = [0, 0, 1]';
cam_angle    = 90;
