cam_pos      = [0.70715, 1.43819, 1.79108]';
cam_dir      = [-0.872999, 0.217795, -0.436391]';
cam_up       = [0.218557, 0.974584, 0.0491748]';
cam_lookat   = [0, 0, 1]';
cam_sky      = [0, 1, 0]';
cam_right    = [-0.579893, 0.0697542, 1.19489]';
cam_fpoint   = [0, 0, 1]';
cam_angle    = 90;
