cam_pos      = [0.329376, 0.997034, -0.868415]';
cam_dir      = [0.00913397, 0.0228762, -0.999697]';
cam_up       = [-0.115135, 0.993113, 0.0216736]';
cam_lookat   = [0, 0, 1]';
cam_sky      = [0, 1, 0]';
cam_right    = [-1.3211, -0.15282, -0.0155675]';
cam_fpoint   = [0, 0, 1]';
cam_angle    = 90;
