cam_pos      = [1.64153, 1.04581, -1.03836]';
cam_dir      = [0.793557, 0.286337, 0.536916]';
cam_up       = [-0.120397, 0.938806, -0.322718]';
cam_lookat   = [0, 0, 1]';
cam_sky      = [0, 1, 0]';
cam_right    = [0.7933, -0.254631, -1.0367]';
cam_fpoint   = [0, 0, 1]';
cam_angle    = 90;
