cam_pos      = [1.2313, 0.972507, -1.44161]';
cam_dir      = [0.887071, 0.239743, -0.394497]';
cam_up       = [-0.291034, 0.953785, -0.0747899]';
cam_lookat   = [0, 0, 1]';
cam_sky      = [0, 1, 0]';
cam_right    = [-0.476586, -0.240937, -1.21808]';
cam_fpoint   = [0, 0, 1]';
cam_angle    = 90;
