cam_pos      = [1.23016, 0.971772, -1.44285]';
cam_dir      = [0.890463, 0.240942, -0.386035]';
cam_up       = [-0.291895, 0.953236, -0.0783538]';
cam_lookat   = [0, 0, 1]';
cam_sky      = [0, 1, 0]';
cam_right    = [-0.464308, -0.242662, -1.22247]';
cam_fpoint   = [0, 0, 1]';
cam_angle    = 90;
