cam_pos      = [1.15227, 1.29644, 0.907184]';
cam_dir      = [-0.0226831, 0.000139619, -0.999743]';
cam_up       = [-0.000370356, 1, 0.000148058]';
cam_lookat   = [0, 0, 1]';
cam_sky      = [0, 1, 0]';
cam_right    = [-1.32966, -0.000496913, 0.0301684]';
cam_fpoint   = [0, 0, 1]';
cam_angle    = 90;
