cam_pos      = [0.26957, 1.04335, -0.550672]';
cam_dir      = [-0.303609, 0.0339088, -0.952193]';
cam_up       = [-0.00575491, 0.999283, 0.0374207]';
cam_lookat   = [0, 0, 1]';
cam_sky      = [0, 1, 0]';
cam_right    = [-1.2672, -0.0223987, 0.403251]';
cam_fpoint   = [0, 0, 1]';
cam_angle    = 90;
