cam_pos      = [0.194581, 1.20211, 0.588782]';
cam_dir      = [-0.414214, 0.0111223, -0.910112]';
cam_up       = [0.0266137, 0.999646, 0.000103937]';
cam_lookat   = [0, 0, 1]';
cam_sky      = [0, 1, 0]';
cam_right    = [-1.21002, 0.0321573, 0.551103]';
cam_fpoint   = [0, 0, 1]';
cam_angle    = 90;
