cam_pos      = [2.06991, 1.19554, 0.241047]';
cam_dir      = [0.336463, 0.349254, 0.874537]';
cam_up       = [0.013929, 0.926734, -0.375459]';
cam_lookat   = [0, 0, 1]';
cam_sky      = [0, 1, 0]';
cam_right    = [1.25232, -0.184217, -0.40824]';
cam_fpoint   = [0, 0, 1]';
cam_angle    = 90;
