cam_pos      = [0.229109, 1.21251, 0.657301]';
cam_dir      = [-0.444019, 0.0208499, -0.895775]';
cam_up       = [0.0325432, 0.999445, 0.00713184]';
cam_lookat   = [0, 0, 1]';
cam_sky      = [0, 1, 0]';
cam_right    = [-1.19092, 0.0345597, 0.59112]';
cam_fpoint   = [0, 0, 1]';
cam_angle    = 90;
