cam_pos      = [0.223363, 1.30964, 1.03433]';
cam_dir      = [-0.360758, 0.0999411, -0.927289]';
cam_up       = [0.0201049, 0.994844, 0.0994003]';
cam_lookat   = [0, 0, 1]';
cam_sky      = [0, 1, 0]';
cam_right    = [-1.24015, -0.0228978, 0.480006]';
cam_fpoint   = [0, 0, 1]';
cam_angle    = 90;
