cam_pos      = [2.20753, 1.19974, 0.671054]';
cam_dir      = [0.141389, 0.259158, 0.95543]';
cam_up       = [0.0892871, 0.957853, -0.273029]';
cam_lookat   = [0, 0, 1]';
cam_sky      = [0, 1, 0]';
cam_right    = [1.31127, -0.164802, -0.149346]';
cam_fpoint   = [0, 0, 1]';
cam_angle    = 90;
