cam_pos      = [2.02718, 1.33576, 1.51547]';
cam_dir      = [-0.597209, 0.295856, 0.745527]';
cam_up       = [0.19082, 0.955206, -0.226207]';
cam_lookat   = [0, 0, 1]';
cam_sky      = [0, 1, 0]';
cam_right    = [1.03615, -0.00953425, 0.833793]';
cam_fpoint   = [0, 0, 1]';
cam_angle    = 90;
