cam_pos      = [2.04362, 1.15518, -0.0685867]';
cam_dir      = [0.367808, 0.349596, 0.861684]';
cam_up       = [0.00138742, 0.926433, -0.376458]';
cam_lookat   = [0, 0, 1]';
cam_sky      = [0, 1, 0]';
cam_right    = [1.23677, -0.185748, -0.452551]';
cam_fpoint   = [0, 0, 1]';
cam_angle    = 90;
