cam_pos      = [0.184275, 1.15801, 0.203798]';
cam_dir      = [-0.457221, -0.00162698, -0.889352]';
cam_up       = [0.0328853, 0.999284, -0.0187346]';
cam_lookat   = [0, 0, 1]';
cam_sky      = [0, 1, 0]';
cam_right    = [-1.18203, 0.0502906, 0.607597]';
cam_fpoint   = [0, 0, 1]';
cam_angle    = 90;
