cam_pos      = [2.1559, 1.23412, 0.895457]';
cam_dir      = [-0.0463653, 0.258246, 0.964966]';
cam_up       = [0.0983977, 0.962488, -0.252855]';
cam_lookat   = [0, 0, 1]';
cam_sky      = [0, 1, 0]';
cam_right    = [1.32211, -0.110692, 0.0931491]';
cam_fpoint   = [0, 0, 1]';
cam_angle    = 90;
