cam_pos      = [2.07274, 1.20215, 0.28368]';
cam_dir      = [0.318965, 0.350135, 0.880719]';
cam_up       = [0.0255454, 0.925744, -0.377286]';
cam_lookat   = [0, 0, 1]';
cam_sky      = [0, 1, 0]';
cam_right    = [1.26007, -0.189977, -0.380827]';
cam_fpoint   = [0, 0, 1]';
cam_angle    = 90;
