cam_pos      = [1.02036, 0.933902, -1.35847]';
cam_dir      = [0.733391, 0.0872972, -0.674179]';
cam_up       = [-0.226671, 0.96637, -0.121447]';
cam_lookat   = [0, 0, 1]';
cam_sky      = [0, 1, 0]';
cam_right    = [-0.852402, -0.321707, -0.968925]';
cam_fpoint   = [0, 0, 1]';
cam_angle    = 90;
