cam_pos      = [0.188274, 1.28991, 0.941852]';
cam_dir      = [-0.30632, 0.0880843, -0.947844]';
cam_up       = [0.00928938, 0.995939, 0.0895517]';
cam_lookat   = [0, 0, 1]';
cam_sky      = [0, 1, 0]';
cam_right    = [-1.266, -0.0247734, 0.406839]';
cam_fpoint   = [0, 0, 1]';
cam_angle    = 90;
