cam_pos      = [2.20981, 1.28618, 1.16503]';
cam_dir      = [-0.367598, 0.276429, 0.887952]';
cam_up       = [0.152145, 0.959814, -0.235815]';
cam_lookat   = [0, 0, 1]';
cam_sky      = [0, 1, 0]';
cam_right    = [1.22022, -0.0643884, 0.525194]';
cam_fpoint   = [0, 0, 1]';
cam_angle    = 90;
