cam_pos      = [2.18463, 1.26379, 1.03668]';
cam_dir      = [-0.226514, 0.266969, 0.936706]';
cam_up       = [0.123936, 0.961786, -0.244147]';
cam_lookat   = [0, 0, 1]';
cam_sky      = [0, 1, 0]';
cam_right    = [1.2849, -0.0808494, 0.333757]';
cam_fpoint   = [0, 0, 1]';
cam_angle    = 90;
