cam_pos      = [0.138537, 1.22273, 0.480773]';
cam_dir      = [-0.255564, 0.0314538, -0.96628]';
cam_up       = [0.0155794, 0.999475, 0.0284139]';
cam_lookat   = [0, 0, 1]';
cam_sky      = [0, 1, 0]';
cam_right    = [-1.28567, 0.010364, 0.340374]';
cam_fpoint   = [0, 0, 1]';
cam_angle    = 90;
