cam_pos      = [1.42717, 1.41487, 1.87507]';
cam_dir      = [-0.947591, 0.263088, 0.181263]';
cam_up       = [0.247584, 0.963287, -0.10383]';
cam_lookat   = [0, 0, 1]';
cam_sky      = [0, 1, 0]';
cam_right    = [0.26856, 0.0711687, 1.30066]';
cam_fpoint   = [0, 0, 1]';
cam_angle    = 90;
