cam_pos      = [0.213407, 1.06117, -0.356689]';
cam_dir      = [-0.348785, 0.0094366, -0.937155]';
cam_up       = [0.0093139, 0.999935, 0.00660236]';
cam_lookat   = [0, 0, 1]';
cam_sky      = [0, 1, 0]';
cam_right    = [-1.24642, 0.00854626, 0.463971]';
cam_fpoint   = [0, 0, 1]';
cam_angle    = 90;
