cam_pos      = [1.22816, 0.970591, -1.425]';
cam_dir      = [0.863183, 0.202429, -0.462534]';
cam_up       = [-0.262494, 0.96249, -0.0686308]';
cam_lookat   = [0, 0, 1]';
cam_sky      = [0, 1, 0]';
cam_right    = [-0.573617, -0.240268, -1.17564]';
cam_fpoint   = [0, 0, 1]';
cam_angle    = 90;
