cam_pos      = [0.278388, 1.03269, -0.651375]';
cam_dir      = [-0.234491, 0.0327663, -0.971566]';
cam_up       = [-0.0260542, 0.998861, 0.0399751]';
cam_lookat   = [0, 0, 1]';
cam_sky      = [0, 1, 0]';
cam_right    = [-1.29245, -0.046134, 0.310382]';
cam_fpoint   = [0, 0, 1]';
cam_angle    = 90;
