cam_pos      = [0.705927, 1.30329, 1.05118]';
cam_dir      = [-0.531393, 0.0791723, -0.843418]';
cam_up       = [0.108122, 0.993819, 0.0251687]';
cam_lookat   = [0, 0, 1]';
cam_sky      = [0, 1, 0]';
cam_right    = [-1.11746, 0.103497, 0.71377]';
cam_fpoint   = [0, 0, 1]';
cam_angle    = 90;
