cam_pos      = [0.610849, 0.9662, -1.07028]';
cam_dir      = [0.211362, -0.000498409, -0.977408]';
cam_up       = [-0.153157, 0.98763, -0.0336234]';
cam_lookat   = [0, 0, 1]';
cam_sky      = [0, 1, 0]';
cam_right    = [-1.28389, -0.208548, -0.277532]';
cam_fpoint   = [0, 0, 1]';
cam_angle    = 90;
