cam_pos      = [1.22963, 0.971536, -1.42692]';
cam_dir      = [0.867067, 0.212244, -0.450718]';
cam_up       = [-0.270834, 0.960159, -0.0688749]';
cam_lookat   = [0, 0, 1]';
cam_sky      = [0, 1, 0]';
cam_right    = [-0.55613, -0.241779, -1.18371]';
cam_fpoint   = [0, 0, 1]';
cam_angle    = 90;
