cam_pos      = [0.249084, 1.04619, -0.448871]';
cam_dir      = [-0.35159, 0.00124924, -0.936153]';
cam_up       = [0.00987576, 0.999948, -0.00237466]';
cam_lookat   = [0, 0, 1]';
cam_sky      = [0, 1, 0]';
cam_right    = [-1.24502, 0.0134065, 0.467607]';
cam_fpoint   = [0, 0, 1]';
cam_angle    = 90;
