cam_pos      = [0.768016, 1.43944, 1.82099]';
cam_dir      = [-0.897516, 0.222949, -0.380472]';
cam_up       = [0.225873, 0.973431, 0.0375872]';
cam_lookat   = [0, 0, 1]';
cam_sky      = [0, 1, 0]';
cam_right    = [-0.503728, 0.0694303, 1.22896]';
cam_fpoint   = [0, 0, 1]';
cam_angle    = 90;
