cam_pos      = [1.00099, 1.30816, 1.00817]';
cam_dir      = [-0.446158, 0.0512929, -0.893483]';
cam_up       = [0.0971082, 0.995236, 0.00864365]';
cam_lookat   = [0, 0, 1]';
cam_sky      = [0, 1, 0]';
cam_right    = [-1.18326, 0.110268, 0.597189]';
cam_fpoint   = [0, 0, 1]';
cam_angle    = 90;
