cam_pos      = [0.799447, 1.44129, 1.84091]';
cam_dir      = [-0.907768, 0.221256, -0.356375]';
cam_up       = [0.225128, 0.973831, 0.0311537]';
cam_lookat   = [0, 0, 1]';
cam_sky      = [0, 1, 0]';
cam_right    = [-0.470743, 0.069093, 1.24199]';
cam_fpoint   = [0, 0, 1]';
cam_angle    = 90;
