cam_pos      = [1.3438, 1.41762, 1.89404]';
cam_dir      = [-0.960909, 0.252944, 0.112577]';
cam_up       = [0.243164, 0.96545, -0.093686]';
cam_lookat   = [0, 0, 1]';
cam_sky      = [0, 1, 0]';
cam_right    = [0.176072, 0.0833232, 1.31566]';
cam_fpoint   = [0, 0, 1]';
cam_angle    = 90;
