cam_pos      = [0.107759, 1.18377, 0.0289057]';
cam_dir      = [-0.162285, 0.0529519, -0.985322]';
cam_up       = [-0.0132738, 0.998352, 0.0558383]';
cam_lookat   = [0, 0, 1]';
cam_sky      = [0, 1, 0]';
cam_right    = [-1.31225, -0.0294471, 0.214549]';
cam_fpoint   = [0, 0, 1]';
cam_angle    = 90;
