cam_pos      = [1.22633, 0.967269, -1.46915]';
cam_dir      = [0.911947, 0.263, -0.314935]';
cam_up       = [-0.309001, 0.945199, -0.105436]';
cam_lookat   = [0, 0, 1]';
cam_sky      = [0, 1, 0]';
cam_right    = [-0.35903, -0.257311, -1.25451]';
cam_fpoint   = [0, 0, 1]';
cam_angle    = 90;
