cam_pos      = [1.28108, 1.43, 1.90366]';
cam_dir      = [-0.966746, 0.248605, 0.0599767]';
cam_up       = [0.243755, 0.966697, -0.0779784]';
cam_lookat   = [0, 0, 1]';
cam_sky      = [0, 1, 0]';
cam_right    = [0.102896, 0.0808184, 1.32355]';
cam_fpoint   = [0, 0, 1]';
cam_angle    = 90;
