cam_pos      = [0.204011, 1.29409, 0.977204]';
cam_dir      = [-0.325107, 0.09398, -0.940996]';
cam_up       = [0.0126171, 0.995392, 0.0950536]';
cam_lookat   = [0, 0, 1]';
cam_sky      = [0, 1, 0]';
cam_right    = [-1.25764, -0.0253099, 0.431977]';
cam_fpoint   = [0, 0, 1]';
cam_angle    = 90;
