cam_pos      = [1.72124, 1.05514, -0.937345]';
cam_dir      = [0.719425, 0.300803, 0.626055]';
cam_up       = [-0.0965558, 0.935917, -0.338728]';
cam_lookat   = [0, 0, 1]';
cam_sky      = [0, 1, 0]';
cam_right    = [0.914809, -0.243709, -0.934147]';
cam_fpoint   = [0, 0, 1]';
cam_angle    = 90;
