cam_pos      = [1.12275, 1.3128, 0.939092]';
cam_dir      = [-0.07597, -0.000928815, -0.99711]';
cam_up       = [0.0193006, 0.999811, -0.00240185]';
cam_lookat   = [0, 0, 1]';
cam_sky      = [0, 1, 0]';
cam_right    = [-1.32591, 0.0258383, 0.100997]';
cam_fpoint   = [0, 0, 1]';
cam_angle    = 90;
