cam_pos      = [1.14533, 1.31015, 0.910256]';
cam_dir      = [-0.0111737, -0.00032305, -0.999938]';
cam_up       = [0.00316755, 0.999995, -0.000358464]';
cam_lookat   = [0, 0, 1]';
cam_sky      = [0, 1, 0]';
cam_right    = [-1.32991, 0.00421791, 0.0148596]';
cam_fpoint   = [0, 0, 1]';
cam_angle    = 90;
