cam_pos      = [0.805357, 1.30017, 1.04704]';
cam_dir      = [-0.509713, 0.0553628, -0.858561]';
cam_up       = [0.0948714, 0.995458, 0.00786687]';
cam_lookat   = [0, 0, 1]';
cam_sky      = [0, 1, 0]';
cam_right    = [-1.13728, 0.102999, 0.681825]';
cam_fpoint   = [0, 0, 1]';
cam_angle    = 90;
