cam_pos      = [0.210456, 1.06433, -0.34706]';
cam_dir      = [-0.347122, 0.00700437, -0.937794]';
cam_up       = [0.00819659, 0.999957, 0.00443471]';
cam_lookat   = [0, 0, 1]';
cam_sky      = [0, 1, 0]';
cam_right    = [-1.24725, 0.00817595, 0.461728]';
cam_fpoint   = [0, 0, 1]';
cam_angle    = 90;
