cam_pos      = [1.87642, 1.08604, -0.608991]';
cam_dir      = [0.627393, 0.306088, 0.716023]';
cam_up       = [-0.0696304, 0.937875, -0.339915]';
cam_lookat   = [0, 0, 1]';
cam_sky      = [0, 1, 0]';
cam_right    = [1.03153, -0.217326, -0.81094]';
cam_fpoint   = [0, 0, 1]';
cam_angle    = 90;
