cam_pos      = [1.15709, 0.9491, -1.40716]';
cam_dir      = [0.822507, 0.12445, -0.554972]';
cam_up       = [-0.219005, 0.969828, -0.107101]';
cam_lookat   = [0, 0, 1]';
cam_sky      = [0, 1, 0]';
cam_right    = [-0.698116, -0.278812, -1.09718]';
cam_fpoint   = [0, 0, 1]';
cam_angle    = 90;
