cam_pos      = [0.328941, 1.35076, 1.38233]';
cam_dir      = [-0.53192, 0.145333, -0.83423]';
cam_up       = [0.0653276, 0.989269, 0.130689]';
cam_lookat   = [0, 0, 1]';
cam_sky      = [0, 1, 0]';
cam_right    = [-1.12288, -0.0199735, 0.712489]';
cam_fpoint   = [0, 0, 1]';
cam_angle    = 90;
