cam_pos      = [1.04281, 0.935698, -1.36743]';
cam_dir      = [0.753238, 0.0968524, -0.650578]';
cam_up       = [-0.229283, 0.965722, -0.121695]';
cam_lookat   = [0, 0, 1]';
cam_sky      = [0, 1, 0]';
cam_right    = [-0.819933, -0.320307, -0.997003]';
cam_fpoint   = [0, 0, 1]';
cam_angle    = 90;
