cam_pos      = [0.272143, 1.04081, -0.570065]';
cam_dir      = [-0.289144, 0.0360611, -0.956606]';
cam_up       = [-0.008505, 0.999154, 0.0402357]';
cam_lookat   = [0, 0, 1]';
cam_sky      = [0, 1, 0]';
cam_right    = [-1.27314, -0.026294, 0.383829]';
cam_fpoint   = [0, 0, 1]';
cam_angle    = 90;
