cam_pos      = [0.62884, 1.43699, 1.75101]';
cam_dir      = [-0.835233, 0.223337, -0.502501]';
cam_up       = [0.210239, 0.974079, 0.0834813]';
cam_lookat   = [0, 0, 1]';
cam_sky      = [0, 1, 0]';
cam_right    = [-0.6758, 0.047772, 1.14451]';
cam_fpoint   = [0, 0, 1]';
cam_angle    = 90;
