cam_pos      = [1.21465, 1.43668, 1.91677]';
cam_dir      = [-0.97138, 0.237479, -0.00494628]';
cam_up       = [0.237355, 0.969652, -0.0586388]';
cam_lookat   = [0, 0, 1]';
cam_sky      = [0, 1, 0]';
cam_right    = [0.012142, 0.077319, 1.3277]';
cam_fpoint   = [0, 0, 1]';
cam_angle    = 90;
