cam_pos      = [1.34916, 0.991753, -1.43807]';
cam_dir      = [0.960682, 0.246403, 0.127966]';
cam_up       = [-0.212181, 0.948794, -0.234028]';
cam_lookat   = [0, 0, 1]';
cam_sky      = [0, 1, 0]';
cam_right    = [0.238175, -0.262906, -1.28182]';
cam_fpoint   = [0, 0, 1]';
cam_angle    = 90;
