cam_pos      = [2.09605, 1.31449, 1.40158]';
cam_dir      = [-0.508164, 0.280458, 0.814317]';
cam_up       = [0.171078, 0.959524, -0.223709]';
cam_lookat   = [0, 0, 1]';
cam_sky      = [0, 1, 0]';
cam_right    = [1.12265, -0.034089, 0.712316]';
cam_fpoint   = [0, 0, 1]';
cam_angle    = 90;
