cam_pos      = [0.164842, 1.28071, 0.854267]';
cam_dir      = [-0.286652, 0.0745237, -0.955132]';
cam_up       = [0.00665587, 0.997101, 0.0758007]';
cam_lookat   = [0, 0, 1]';
cam_sky      = [0, 1, 0]';
cam_right    = [-1.27416, -0.0204437, 0.380802]';
cam_fpoint   = [0, 0, 1]';
cam_angle    = 90;
