cam_pos      = [1.52353, 1.40014, 1.85934]';
cam_dir      = [-0.928765, 0.253459, 0.270471]';
cam_up       = [0.230853, 0.966415, -0.112908]';
cam_lookat   = [0, 0, 1]';
cam_sky      = [0, 1, 0]';
cam_right    = [0.385707, 0.0564259, 1.27159]';
cam_fpoint   = [0, 0, 1]';
cam_angle    = 90;
