cam_pos      = [0.254796, 1.32027, 1.13165]';
cam_dir      = [-0.412116, 0.108483, -0.90465]';
cam_up       = [0.0299671, 0.993963, 0.105542]';
cam_lookat   = [0, 0, 1]';
cam_sky      = [0, 1, 0]';
cam_right    = [-1.21115, -0.0217928, 0.549129]';
cam_fpoint   = [0, 0, 1]';
cam_angle    = 90;
