cam_pos      = [0.179865, 1.13342, 0.0477706]';
cam_dir      = [-0.429852, -0.0149947, -0.902775]';
cam_up       = [0.0171227, 0.999547, -0.0247549]';
cam_lookat   = [0, 0, 1]';
cam_sky      = [0, 1, 0]';
cam_right    = [-1.20064, 0.0347115, 0.571102]';
cam_fpoint   = [0, 0, 1]';
cam_angle    = 90;
