cam_pos      = [0.181323, 1.13968, 0.0885962]';
cam_dir      = [-0.432891, -0.0140313, -0.901337]';
cam_up       = [0.0234675, 0.999365, -0.0268282]';
cam_lookat   = [0, 0, 1]';
cam_sky      = [0, 1, 0]';
cam_right    = [-1.19852, 0.0435785, 0.574942]';
cam_fpoint   = [0, 0, 1]';
cam_angle    = 90;
