cam_pos      = [1.21788, 0.964673, -1.41839]';
cam_dir      = [0.850352, 0.176175, -0.495846]';
cam_up       = [-0.244221, 0.96679, -0.0753253]';
cam_lookat   = [0, 0, 1]';
cam_sky      = [0, 1, 0]';
cam_right    = [-0.619924, -0.246248, -1.15063]';
cam_fpoint   = [0, 0, 1]';
cam_angle    = 90;
