cam_pos      = [0.629119, 1.29899, 1.02795]';
cam_dir      = [-0.562268, 0.0768852, -0.823373]';
cam_up       = [0.105601, 0.994193, 0.0207227]';
cam_lookat   = [0, 0, 1]';
cam_sky      = [0, 1, 0]';
cam_right    = [-1.09085, 0.100145, 0.754272]';
cam_fpoint   = [0, 0, 1]';
cam_angle    = 90;
