cam_pos      = [1.03655, 1.31425, 0.993019]';
cam_dir      = [-0.394937, 0.0432936, -0.917688]';
cam_up       = [0.0964698, 0.995321, 0.00543924]';
cam_lookat   = [0, 0, 1]';
cam_sky      = [0, 1, 0]';
cam_right    = [-1.21513, 0.114887, 0.528364]';
cam_fpoint   = [0, 0, 1]';
cam_angle    = 90;
