cam_pos      = [2.0531, 1.16343, -0.0196887]';
cam_dir      = [0.362539, 0.344514, 0.865953]';
cam_up       = [-0.00149203, 0.929379, -0.369123]';
cam_lookat   = [0, 0, 1]';
cam_sky      = [0, 1, 0]';
cam_right    = [1.23952, -0.176265, -0.448809]';
cam_fpoint   = [0, 0, 1]';
cam_angle    = 90;
