cam_pos      = [1.13928, 1.30923, 0.919248]';
cam_dir      = [-0.0173441, -0.0021054, -0.999847]';
cam_up       = [0.0107068, 0.99994, -0.00229132]';
cam_lookat   = [0, 0, 1]';
cam_sky      = [0, 1, 0]';
cam_right    = [-1.32972, 0.0142907, 0.0230363]';
cam_fpoint   = [0, 0, 1]';
cam_angle    = 90;
