cam_pos      = [2.05537, 1.3286, 1.48208]';
cam_dir      = [-0.577109, 0.29457, 0.761691]';
cam_up       = [0.187176, 0.955565, -0.22773]';
cam_lookat   = [0, 0, 1]';
cam_sky      = [0, 1, 0]';
cam_right    = [1.05725, -0.0148232, 0.806779]';
cam_fpoint   = [0, 0, 1]';
cam_angle    = 90;
