cam_pos      = [0.618485, 1.298, 1.02374]';
cam_dir      = [-0.564064, 0.075959, -0.82223]';
cam_up       = [0.105171, 0.994259, 0.0197022]';
cam_lookat   = [0, 0, 1]';
cam_sky      = [0, 1, 0]';
cam_right    = [-1.08928, 0.100231, 0.756523]';
cam_fpoint   = [0, 0, 1]';
cam_angle    = 90;
