cam_pos      = [1.37803, 0.986123, -1.4043]';
cam_dir      = [0.959029, 0.238856, 0.152353]';
cam_up       = [-0.197479, 0.949189, -0.245034]';
cam_lookat   = [0, 0, 1]';
cam_sky      = [0, 1, 0]';
cam_right    = [0.270176, -0.272528, -1.27343]';
cam_fpoint   = [0, 0, 1]';
cam_angle    = 90;
