cam_pos      = [0.344217, 1.24293, 0.815795]';
cam_dir      = [-0.522978, 0.0420892, -0.851306]';
cam_up       = [0.0535286, 0.99843, 0.0164793]';
cam_lookat   = [0, 0, 1]';
cam_sky      = [0, 1, 0]';
cam_right    = [-1.13138, 0.0491447, 0.697465]';
cam_fpoint   = [0, 0, 1]';
cam_angle    = 90;
