cam_pos      = [0.296409, 1.01363, -0.771341]';
cam_dir      = [-0.129464, 0.0286922, -0.991169]';
cam_up       = [-0.0681763, 0.996958, 0.0377648]';
cam_lookat   = [0, 0, 1]';
cam_sky      = [0, 1, 0]';
cam_right    = [-1.31569, -0.0963763, 0.169062]';
cam_fpoint   = [0, 0, 1]';
cam_angle    = 90;
