cam_pos      = [2.02624, 1.14779, -0.135615]';
cam_dir      = [0.393956, 0.347389, 0.850952]';
cam_up       = [-0.00834328, 0.927138, -0.374628]';
cam_lookat   = [0, 0, 1]';
cam_sky      = [0, 1, 0]';
cam_right    = [1.22239, -0.186848, -0.48964]';
cam_fpoint   = [0, 0, 1]';
cam_angle    = 90;
