cam_pos      = [0.205312, 1.06917, -0.328803]';
cam_dir      = [-0.345617, 0.00551217, -0.93836]';
cam_up       = [0.00700323, 0.99997, 0.00329465]';
cam_lookat   = [0, 0, 1]';
cam_sky      = [0, 1, 0]';
cam_right    = [-1.24801, 0.0072257, 0.459708]';
cam_fpoint   = [0, 0, 1]';
cam_angle    = 90;
