cam_pos      = [0.853471, 1.43939, 1.86231]';
cam_dir      = [-0.925385, 0.222516, -0.306838]';
cam_up       = [0.224589, 0.974021, 0.0290185]';
cam_lookat   = [0, 0, 1]';
cam_sky      = [0, 1, 0]';
cam_right    = [-0.406081, 0.0559386, 1.26525]';
cam_fpoint   = [0, 0, 1]';
cam_angle    = 90;
