cam_pos      = [0.811866, 0.957248, -1.19905]';
cam_dir      = [0.431455, 0.0334137, -0.901515]';
cam_up       = [-0.193288, 0.979531, -0.0562002]';
cam_lookat   = [0, 0, 1]';
cam_sky      = [0, 1, 0]';
cam_right    = [-1.17197, -0.264005, -0.570679]';
cam_fpoint   = [0, 0, 1]';
cam_angle    = 90;
