cam_pos      = [0.393483, 0.991549, -0.946539]';
cam_dir      = [0.109958, 0.0162364, -0.993804]';
cam_up       = [-0.146816, 0.989164, -8.36162e-05]';
cam_lookat   = [0, 0, 1]';
cam_sky      = [0, 1, 0]';
cam_right    = [-1.30743, -0.194067, -0.14783]';
cam_fpoint   = [0, 0, 1]';
cam_angle    = 90;
