cam_pos      = [1.15495, 1.31313, 0.910365]';
cam_dir      = [-0.0168668, 0.0012064, -0.999857]';
cam_up       = [0.00364658, 0.999993, 0.00114505]';
cam_lookat   = [0, 0, 1]';
cam_sky      = [0, 1, 0]';
cam_right    = [-1.3298, 0.00482358, 0.0224386]';
cam_fpoint   = [0, 0, 1]';
cam_angle    = 90;
