cam_pos      = [0.730899, 0.962221, -1.12946]';
cam_dir      = [0.336756, 0.0163027, -0.941451]';
cam_up       = [-0.179962, 0.982533, -0.0473581]';
cam_lookat   = [0, 0, 1]';
cam_sky      = [0, 1, 0]';
cam_right    = [-1.22923, -0.246547, -0.443965]';
cam_fpoint   = [0, 0, 1]';
cam_angle    = 90;
