cam_pos      = [2.06027, 1.33238, 1.47388]';
cam_dir      = [-0.572383, 0.292658, 0.765982]';
cam_up       = [0.184227, 0.956156, -0.227653]';
cam_lookat   = [0, 0, 1]';
cam_sky      = [0, 1, 0]';
cam_right    = [1.0627, -0.0143769, 0.7996]';
cam_fpoint   = [0, 0, 1]';
cam_angle    = 90;
