cam_pos      = [1.09071, 1.30668, 0.96072]';
cam_dir      = [-0.248344, 0.0171258, -0.968521]';
cam_up       = [0.0565353, 0.998396, 0.00315753]';
cam_lookat   = [0, 0, 1]';
cam_sky      = [0, 1, 0]';
cam_right    = [-1.28614, 0.071782, 0.331056]';
cam_fpoint   = [0, 0, 1]';
cam_angle    = 90;
