cam_pos      = [0.273314, 1.04019, -0.579229]';
cam_dir      = [-0.281945, 0.0358432, -0.958761]';
cam_up       = [-0.0104524, 0.999128, 0.0404261]';
cam_lookat   = [0, 0, 1]';
cam_sky      = [0, 1, 0]';
cam_right    = [-1.27597, -0.0284877, 0.374161]';
cam_fpoint   = [0, 0, 1]';
cam_angle    = 90;
