cam_pos      = [2.20156, 1.20771, 0.698101]';
cam_dir      = [0.129861, 0.249529, 0.95962]';
cam_up       = [0.0962245, 0.960076, -0.262669]';
cam_lookat   = [0, 0, 1]';
cam_sky      = [0, 1, 0]';
cam_right    = [1.31251, -0.168177, -0.133886]';
cam_fpoint   = [0, 0, 1]';
cam_angle    = 90;
