cam_pos      = [0.266364, 1.04531, -0.532074]';
cam_dir      = [-0.314252, 0.0305607, -0.948848]';
cam_up       = [-0.00608725, 0.999396, 0.0342048]';
cam_lookat   = [0, 0, 1]';
cam_sky      = [0, 1, 0]';
cam_right    = [-1.2626, -0.021978, 0.417455]';
cam_fpoint   = [0, 0, 1]';
cam_angle    = 90;
