cam_pos      = [0.150587, 1.24522, 0.724295]';
cam_dir      = [-0.281343, 0.0491213, -0.958349]';
cam_up       = [0.00723954, 0.998769, 0.0490678]';
cam_lookat   = [0, 0, 1]';
cam_sky      = [0, 1, 0]';
cam_right    = [-1.27624, -0.00913294, 0.374198]';
cam_fpoint   = [0, 0, 1]';
cam_angle    = 90;
