cam_pos      = [0.088031, 1.21272, 0.311795]';
cam_dir      = [-0.266622, 0.0320694, -0.963268]';
cam_up       = [0.0285036, 0.999271, 0.0253786]';
cam_lookat   = [0, 0, 1]';
cam_sky      = [0, 1, 0]';
cam_right    = [-1.2813, 0.0275178, 0.355565]';
cam_fpoint   = [0, 0, 1]';
cam_angle    = 90;
