cam_pos      = [1.36819, 0.993456, -1.41757]';
cam_dir      = [0.960582, 0.236913, 0.145444]';
cam_up       = [-0.197704, 0.949995, -0.241709]';
cam_lookat   = [0, 0, 1]';
cam_sky      = [0, 1, 0]';
cam_right    = [0.259929, -0.270558, -1.27598]';
cam_fpoint   = [0, 0, 1]';
cam_angle    = 90;
