cam_pos      = [1.26127, 1.43215, 1.90763]';
cam_dir      = [-0.968442, 0.246272, 0.0383476]';
cam_up       = [0.242858, 0.967002, -0.0769834]';
cam_lookat   = [0, 0, 1]';
cam_sky      = [0, 1, 0]';
cam_right    = [0.0745347, 0.0867704, 1.32507]';
cam_fpoint   = [0, 0, 1]';
cam_angle    = 90;
