cam_pos      = [2.16966, 1.21749, 0.833355]';
cam_dir      = [0.0330293, 0.266085, 0.963384]';
cam_up       = [0.100871, 0.9581, -0.268084]';
cam_lookat   = [0, 0, 1]';
cam_sky      = [0, 1, 0]';
cam_right    = [1.32249, -0.141023, -0.0063908]';
cam_fpoint   = [0, 0, 1]';
cam_angle    = 90;
