cam_pos      = [2.15126, 1.19946, 0.463119]';
cam_dir      = [0.240909, 0.329322, 0.912968]';
cam_up       = [0.0473785, 0.935561, -0.349974]';
cam_lookat   = [0, 0, 1]';
cam_sky      = [0, 1, 0]';
cam_right    = [1.28929, -0.169664, -0.27901]';
cam_fpoint   = [0, 0, 1]';
cam_angle    = 90;
