cam_pos      = [0.101153, 1.21563, 0.352114]';
cam_dir      = [-0.260278, 0.0328945, -0.964973]';
cam_up       = [0.0263416, 0.999289, 0.0269593]';
cam_lookat   = [0, 0, 1]';
cam_sky      = [0, 1, 0]';
cam_right    = [-1.28368, 0.0244747, 0.347077]';
cam_fpoint   = [0, 0, 1]';
cam_angle    = 90;
