cam_pos      = [0.561573, 0.966704, -1.05142]';
cam_dir      = [0.187916, -0.00257008, -0.982182]';
cam_up       = [-0.154524, 0.987466, -0.0321483]';
cam_lookat   = [0, 0, 1]';
cam_sky      = [0, 1, 0]';
cam_right    = [-1.29004, -0.20989, -0.246268]';
cam_fpoint   = [0, 0, 1]';
cam_angle    = 90;
