cam_pos      = [0.352068, 1.36692, 1.4577]';
cam_dir      = [-0.576932, 0.159499, -0.801068]';
cam_up       = [0.0897033, 0.987189, 0.131952]';
cam_lookat   = [0, 0, 1]';
cam_sky      = [0, 1, 0]';
cam_right    = [-1.07976, -0.00567797, 0.776519]';
cam_fpoint   = [0, 0, 1]';
cam_angle    = 90;
