cam_pos      = [0.150801, 1.22197, 0.559553]';
cam_dir      = [-0.270659, 0.0225864, -0.96241]';
cam_up       = [0.0126464, 0.999722, 0.0199055]';
cam_lookat   = [0, 0, 1]';
cam_sky      = [0, 1, 0]';
cam_right    = [-1.28025, 0.00902196, 0.360256]';
cam_fpoint   = [0, 0, 1]';
cam_angle    = 90;
