cam_pos      = [0.168122, 1.28291, 0.864785]';
cam_dir      = [-0.289795, 0.0760594, -0.954062]';
cam_up       = [0.00569978, 0.996957, 0.0777477]';
cam_lookat   = [0, 0, 1]';
cam_sky      = [0, 1, 0]';
cam_right    = [-1.27291, -0.0227337, 0.384832]';
cam_fpoint   = [0, 0, 1]';
cam_angle    = 90;
