cam_pos      = [0.167511, 1.10823, -0.0827108]';
cam_dir      = [-0.404003, -0.0115465, -0.914685]';
cam_up       = [0.0198876, 0.999573, -0.0214021]';
cam_lookat   = [0, 0, 1]';
cam_sky      = [0, 1, 0]';
cam_right    = [-1.21634, 0.0356937, 0.536789]';
cam_fpoint   = [0, 0, 1]';
cam_angle    = 90;
