cam_pos      = [1.59595, 1.03972, -1.07872]';
cam_dir      = [0.82524, 0.277583, 0.49186]';
cam_up       = [-0.126164, 0.939482, -0.318522]';
cam_lookat   = [0, 0, 1]';
cam_sky      = [0, 1, 0]';
cam_right    = [0.732178, -0.267067, -1.07772]';
cam_fpoint   = [0, 0, 1]';
cam_angle    = 90;
