cam_pos      = [2.04595, 1.15606, -0.0565499]';
cam_dir      = [0.365096, 0.349012, 0.863073]';
cam_up       = [-0.000192633, 0.927097, -0.374821]';
cam_lookat   = [0, 0, 1]';
cam_sky      = [0, 1, 0]';
cam_right    = [1.23819, -0.181783, -0.450268]';
cam_fpoint   = [0, 0, 1]';
cam_angle    = 90;
