cam_pos      = [2.16461, 1.19588, 0.493388]';
cam_dir      = [0.234911, 0.318751, 0.918267]';
cam_up       = [0.0575764, 0.938481, -0.340497]';
cam_lookat   = [0, 0, 1]';
cam_sky      = [0, 1, 0]';
cam_right    = [1.29051, -0.1767, -0.268802]';
cam_fpoint   = [0, 0, 1]';
cam_angle    = 90;
