cam_pos      = [1.10907, 1.3112, 0.947105]';
cam_dir      = [-0.129209, 0.00447209, -0.991607]';
cam_up       = [0.0274118, 0.999624, 0.000936417]';
cam_lookat   = [0, 0, 1]';
cam_sky      = [0, 1, 0]';
cam_right    = [-1.31835, 0.0359909, 0.171946]';
cam_fpoint   = [0, 0, 1]';
cam_angle    = 90;
