cam_pos      = [2.06784, 1.19751, 0.226081]';
cam_dir      = [0.33942, 0.346238, 0.874593]';
cam_up       = [0.0148111, 0.927708, -0.373013]';
cam_lookat   = [0, 0, 1]';
cam_sky      = [0, 1, 0]';
cam_right    = [1.25089, -0.185617, -0.411974]';
cam_fpoint   = [0, 0, 1]';
cam_angle    = 90;
