cam_pos      = [0.936319, 1.30126, 1.02443]';
cam_dir      = [-0.49096, 0.0517626, -0.869643]';
cam_up       = [0.101793, 0.994804, 0.0017448]';
cam_lookat   = [0, 0, 1]';
cam_sky      = [0, 1, 0]';
cam_right    = [-1.15074, 0.116597, 0.656592]';
cam_fpoint   = [0, 0, 1]';
cam_angle    = 90;
