cam_pos      = [0.319787, 1.23408, 0.787187]';
cam_dir      = [-0.508895, 0.0390418, -0.859943]';
cam_up       = [0.0484042, 0.998688, 0.0166963]';
cam_lookat   = [0, 0, 1]';
cam_sky      = [0, 1, 0]';
cam_right    = [-1.14309, 0.0440605, 0.678457]';
cam_fpoint   = [0, 0, 1]';
cam_angle    = 90;
