cam_pos      = [0.337582, 1.35596, 1.4105]';
cam_dir      = [-0.548326, 0.144285, -0.823723]';
cam_up       = [0.0723854, 0.989495, 0.125138]';
cam_lookat   = [0, 0, 1]';
cam_sky      = [0, 1, 0]';
cam_right    = [-1.10806, -0.0119575, 0.735503]';
cam_fpoint   = [0, 0, 1]';
cam_angle    = 90;
