cam_pos      = [1.50364, 1.40298, 1.85736]';
cam_dir      = [-0.932904, 0.252865, 0.256417]';
cam_up       = [0.231657, 0.966523, -0.110312]';
cam_lookat   = [0, 0, 1]';
cam_sky      = [0, 1, 0]';
cam_right    = [0.366717, 0.0578675, 1.27713]';
cam_fpoint   = [0, 0, 1]';
cam_angle    = 90;
