cam_pos      = [1.23324, 1.43448, 1.91654]';
cam_dir      = [-0.970045, 0.242767, 0.00876757]';
cam_up       = [0.241597, 0.967882, -0.069536]';
cam_lookat   = [0, 0, 1]';
cam_sky      = [0, 1, 0]';
cam_right    = [0.0337381, 0.0868953, 1.32673]';
cam_fpoint   = [0, 0, 1]';
cam_angle    = 90;
