cam_pos      = [2.20833, 1.28199, 1.13569]';
cam_dir      = [-0.33567, 0.273922, 0.901273]';
cam_up       = [0.149455, 0.960153, -0.236154]';
cam_lookat   = [0, 0, 1]';
cam_sky      = [0, 1, 0]';
cam_right    = [1.23696, -0.0737216, 0.483101]';
cam_fpoint   = [0, 0, 1]';
cam_angle    = 90;
