cam_pos      = [0.341586, 0.997851, -0.889752]';
cam_dir      = [0.0414044, 0.0223246, -0.998893]';
cam_up       = [-0.127007, 0.991758, 0.0169007]';
cam_lookat   = [0, 0, 1]';
cam_sky      = [0, 1, 0]';
cam_right    = [-1.31808, -0.167802, -0.058385]';
cam_fpoint   = [0, 0, 1]';
cam_angle    = 90;
