cam_pos      = [0.760062, 1.3076, 1.0533]';
cam_dir      = [-0.516921, 0.0687325, -0.853269]';
cam_up       = [0.105016, 0.994334, 0.0164756]';
cam_lookat   = [0, 0, 1]';
cam_sky      = [0, 1, 0]';
cam_right    = [-1.12992, 0.10785, 0.693209]';
cam_fpoint   = [0, 0, 1]';
cam_angle    = 90;
