cam_pos      = [2.15682, 1.23664, 0.898659]';
cam_dir      = [-0.0518977, 0.257715, 0.964826]';
cam_up       = [0.0968876, 0.96287, -0.251981]';
cam_lookat   = [0, 0, 1]';
cam_sky      = [0, 1, 0]';
cam_right    = [1.32194, -0.106935, 0.0996703]';
cam_fpoint   = [0, 0, 1]';
cam_angle    = 90;
