cam_pos      = [1.25003, 0.969972, -1.5032]';
cam_dir      = [0.95917, 0.28042, -0.0368358]';
cam_up       = [-0.282255, 0.940773, -0.187826]';
cam_lookat   = [0, 0, 1]';
cam_sky      = [0, 1, 0]';
cam_right    = [0.0239614, -0.253437, -1.30541]';
cam_fpoint   = [0, 0, 1]';
cam_angle    = 90;
