cam_pos      = [0.861471, 1.4379, 1.86359]';
cam_dir      = [-0.92786, 0.223319, -0.298671]';
cam_up       = [0.22514, 0.973902, 0.0287679]';
cam_lookat   = [0, 0, 1]';
cam_sky      = [0, 1, 0]';
cam_right    = [-0.39541, 0.0539318, 1.26872]';
cam_fpoint   = [0, 0, 1]';
cam_angle    = 90;
