cam_pos      = [1.014, 1.31292, 1.00082]';
cam_dir      = [-0.421222, 0.0523507, -0.905445]';
cam_up       = [0.100923, 0.994838, 0.0105688]';
cam_lookat   = [0, 0, 1]';
cam_sky      = [0, 1, 0]';
cam_right    = [-1.19876, 0.115615, 0.56436]';
cam_fpoint   = [0, 0, 1]';
cam_angle    = 90;
