cam_pos      = [0.0905859, 1.19222, 0.105557]';
cam_dir      = [-0.173791, 0.042729, -0.983855]';
cam_up       = [-0.014753, 0.998833, 0.0459855]';
cam_lookat   = [0, 0, 1]';
cam_sky      = [0, 1, 0]';
cam_right    = [-1.30961, -0.0299339, 0.230034]';
cam_fpoint   = [0, 0, 1]';
cam_angle    = 90;
