cam_pos      = [2.08917, 1.20013, 0.339013]';
cam_dir      = [0.288672, 0.350598, 0.890926]';
cam_up       = [0.0246747, 0.927508, -0.372989]';
cam_lookat   = [0, 0, 1]';
cam_sky      = [0, 1, 0]';
cam_right    = [1.27296, -0.172441, -0.344596]';
cam_fpoint   = [0, 0, 1]';
cam_angle    = 90;
