cam_pos      = [2.16285, 1.26247, 0.979306]';
cam_dir      = [-0.155823, 0.268945, 0.950467]';
cam_up       = [0.12066, 0.960197, -0.251917]';
cam_lookat   = [0, 0, 1]';
cam_sky      = [0, 1, 0]';
cam_right    = [1.30392, -0.10032, 0.242156]';
cam_fpoint   = [0, 0, 1]';
cam_angle    = 90;
