cam_pos      = [0.150051, 1.22043, 0.607266]';
cam_dir      = [-0.279533, 0.0188237, -0.959952]';
cam_up       = [0.0105248, 0.999808, 0.0165405]';
cam_lookat   = [0, 0, 1]';
cam_sky      = [0, 1, 0]';
cam_right    = [-1.2769, 0.00728799, 0.37197]';
cam_fpoint   = [0, 0, 1]';
cam_angle    = 90;
