cam_pos      = [0.531904, 0.970923, -1.03782]';
cam_dir      = [0.178658, -0.00122506, -0.98391]';
cam_up       = [-0.149093, 0.988418, -0.0283029]';
cam_lookat   = [0, 0, 1]';
cam_sky      = [0, 1, 0]';
cam_right    = [-1.29349, -0.201829, -0.23462]';
cam_fpoint   = [0, 0, 1]';
cam_angle    = 90;
