cam_pos      = [1.23633, 0.964551, -1.50848]';
cam_dir      = [0.956147, 0.275922, -0.0982342]';
cam_up       = [-0.289386, 0.941702, -0.17162]';
cam_lookat   = [0, 0, 1]';
cam_sky      = [0, 1, 0]';
cam_right    = [-0.060054, -0.256054, -1.30374]';
cam_fpoint   = [0, 0, 1]';
cam_angle    = 90;
