cam_pos      = [0.24523, 1.04537, -0.442291]';
cam_dir      = [-0.351488, 0.00124174, -0.936192]';
cam_up       = [0.0115467, 0.999929, -0.00300886]';
cam_lookat   = [0, 0, 1]';
cam_sky      = [0, 1, 0]';
cam_right    = [-1.24504, 0.0157838, 0.467464]';
cam_fpoint   = [0, 0, 1]';
cam_angle    = 90;
