cam_pos      = [1.73297, 1.0556, -0.919616]';
cam_dir      = [0.70834, 0.30033, 0.638793]';
cam_up       = [-0.0918662, 0.936497, -0.338429]';
cam_lookat   = [0, 0, 1]';
cam_sky      = [0, 1, 0]';
cam_right    = [0.930824, -0.240782, -0.918961]';
cam_fpoint   = [0, 0, 1]';
cam_angle    = 90;
