cam_pos      = [0.186252, 1.16245, 0.23637]';
cam_dir      = [-0.46137, -0.00239, -0.887205]';
cam_up       = [0.0322975, 0.999288, -0.0194875]';
cam_lookat   = [0, 0, 1]';
cam_sky      = [0, 1, 0]';
cam_right    = [-1.1792, 0.0500684, 0.613082]';
cam_fpoint   = [0, 0, 1]';
cam_angle    = 90;
