cam_pos      = [0.462992, 0.980962, -0.998068]';
cam_dir      = [0.148241, 0.00740206, -0.988924]';
cam_up       = [-0.149834, 0.988596, -0.0150607]';
cam_lookat   = [0, 0, 1]';
cam_sky      = [0, 1, 0]';
cam_right    = [-1.30012, -0.200041, -0.196388]';
cam_fpoint   = [0, 0, 1]';
cam_angle    = 90;
