cam_pos      = [2.16064, 1.23162, 0.888318]';
cam_dir      = [-0.0387755, 0.259324, 0.965012]';
cam_up       = [0.0982855, 0.962045, -0.254577]';
cam_lookat   = [0, 0, 1]';
cam_sky      = [0, 1, 0]';
cam_right    = [1.32256, -0.113017, 0.0835127]';
cam_fpoint   = [0, 0, 1]';
cam_angle    = 90;
