cam_pos      = [0.353351, 0.99616, -0.905011]';
cam_dir      = [0.0552042, 0.0242455, -0.998181]';
cam_up       = [-0.133954, 0.990848, 0.0166591]';
cam_lookat   = [0, 0, 1]';
cam_sky      = [0, 1, 0]';
cam_right    = [-1.31597, -0.176612, -0.0770691]';
cam_fpoint   = [0, 0, 1]';
cam_angle    = 90;
