cam_pos      = [0.962002, 0.93149, -1.33401]';
cam_dir      = [0.660163, 0.067918, -0.748045]';
cam_up       = [-0.228442, 0.966882, -0.113817]';
cam_lookat   = [0, 0, 1]';
cam_sky      = [0, 1, 0]';
cam_right    = [-0.95167, -0.327211, -0.869574]';
cam_fpoint   = [0, 0, 1]';
cam_angle    = 90;
