cam_pos      = [1.42519, 0.994422, -1.32486]';
cam_dir      = [0.946506, 0.230736, 0.225582]';
cam_up       = [-0.166628, 0.948144, -0.270661]';
cam_lookat   = [0, 0, 1]';
cam_sky      = [0, 1, 0]';
cam_right    = [0.367526, -0.29073, -1.24471]';
cam_fpoint   = [0, 0, 1]';
cam_angle    = 90;
