cam_pos      = [1.47338, 1.01016, -1.21985]';
cam_dir      = [0.912887, 0.245041, 0.326484]';
cam_up       = [-0.153694, 0.947258, -0.281213]';
cam_lookat   = [0, 0, 1]';
cam_sky      = [0, 1, 0]';
cam_right    = [0.50297, -0.274694, -1.20019]';
cam_fpoint   = [0, 0, 1]';
cam_angle    = 90;
