cam_pos      = [0.169132, 1.09905, -0.135375]';
cam_dir      = [-0.384494, -0.00761934, -0.923096]';
cam_up       = [0.0117644, 0.999844, -0.013153]';
cam_lookat   = [0, 0, 1]';
cam_sky      = [0, 1, 0]';
cam_right    = [-1.22766, 0.0211695, 0.511178]';
cam_fpoint   = [0, 0, 1]';
cam_angle    = 90;
