cam_pos      = [1.87345, 1.08497, -0.620981]';
cam_dir      = [0.630248, 0.306795, 0.713207]';
cam_up       = [-0.0718312, 0.937716, -0.339894]';
cam_lookat   = [0, 0, 1]';
cam_sky      = [0, 1, 0]';
cam_right    = [1.02818, -0.216773, -0.815331]';
cam_fpoint   = [0, 0, 1]';
cam_angle    = 90;
