cam_pos      = [2.15914, 1.20054, 0.480794]';
cam_dir      = [0.236807, 0.319295, 0.917591]';
cam_up       = [0.0555515, 0.938459, -0.340893]';
cam_lookat   = [0, 0, 1]';
cam_sky      = [0, 1, 0]';
cam_right    = [1.29006, -0.17516, -0.27198]';
cam_fpoint   = [0, 0, 1]';
cam_angle    = 90;
