cam_pos      = [0.182264, 1.16469, 0.267781]';
cam_dir      = [-0.460353, -0.00626807, -0.887714]';
cam_up       = [0.029584, 0.999311, -0.0223978]';
cam_lookat   = [0, 0, 1]';
cam_sky      = [0, 1, 0]';
cam_right    = [-1.18003, 0.0486421, 0.6116]';
cam_fpoint   = [0, 0, 1]';
cam_angle    = 90;
