cam_pos      = [0.171418, 1.12123, -0.0112481]';
cam_dir      = [-0.420031, -0.00470124, -0.907498]';
cam_up       = [0.0215069, 0.999654, -0.015133]';
cam_lookat   = [0, 0, 1]';
cam_sky      = [0, 1, 0]';
cam_right    = [-1.20665, 0.0344122, 0.558314]';
cam_fpoint   = [0, 0, 1]';
cam_angle    = 90;
