cam_pos      = [0.790695, 1.44117, 1.83672]';
cam_dir      = [-0.904678, 0.222671, -0.363283]';
cam_up       = [0.226061, 0.973528, 0.0337578]';
cam_lookat   = [0, 0, 1]';
cam_sky      = [0, 1, 0]';
cam_right    = [-0.480373, 0.068607, 1.23832]';
cam_fpoint   = [0, 0, 1]';
cam_angle    = 90;
