cam_pos      = [0.48636, 1.42369, 1.662]';
cam_dir      = [-0.713576, 0.200609, -0.671241]';
cam_up       = [0.161431, 0.979426, 0.121102]';
cam_lookat   = [0, 0, 1]';
cam_sky      = [0, 1, 0]';
cam_right    = [-0.906694, 0.0291855, 0.972601]';
cam_fpoint   = [0, 0, 1]';
cam_angle    = 90;
