cam_pos      = [1.1526, 1.29497, 0.905356]';
cam_dir      = [-0.0169151, 9.69832e-05, -0.999857]';
cam_up       = [0.00200251, 0.999998, 6.31194e-05]';
cam_lookat   = [0, 0, 1]';
cam_sky      = [0, 1, 0]';
cam_right    = [-1.32981, 0.00266154, 0.0224973]';
cam_fpoint   = [0, 0, 1]';
cam_angle    = 90;
