cam_pos      = [2.05062, 1.32997, 1.48913]';
cam_dir      = [-0.581735, 0.293695, 0.758503]';
cam_up       = [0.187554, 0.95584, -0.22626]';
cam_lookat   = [0, 0, 1]';
cam_sky      = [0, 1, 0]';
cam_right    = [1.05264, -0.0141473, 0.812802]';
cam_fpoint   = [0, 0, 1]';
cam_angle    = 90;
