cam_pos      = [0.0797187, 1.20753, 0.264531]';
cam_dir      = [-0.258494, 0.0374454, -0.965287]';
cam_up       = [0.0231974, 0.999201, 0.032549]';
cam_lookat   = [0, 0, 1]';
cam_sky      = [0, 1, 0]';
cam_right    = [-1.28443, 0.0185913, 0.344677]';
cam_fpoint   = [0, 0, 1]';
cam_angle    = 90;
