cam_pos      = [1.91656, 1.36182, 1.67088]';
cam_dir      = [-0.717618, 0.287795, 0.634191]';
cam_up       = [0.207996, 0.957628, -0.199212]';
cam_lookat   = [0, 0, 1]';
cam_sky      = [0, 1, 0]';
cam_right    = [0.883986, 0.0146956, 0.993606]';
cam_fpoint   = [0, 0, 1]';
cam_angle    = 90;
