cam_pos      = [0.279071, 1.03339, -0.634367]';
cam_dir      = [-0.244078, 0.0285984, -0.969334]';
cam_up       = [-0.0272849, 0.998967, 0.036343]';
cam_lookat   = [0, 0, 1]';
cam_sky      = [0, 1, 0]';
cam_right    = [-1.28926, -0.0469739, 0.32325]';
cam_fpoint   = [0, 0, 1]';
cam_angle    = 90;
