cam_pos      = [1.17639, 1.44194, 1.91603]';
cam_dir      = [-0.970583, 0.23713, -0.0416859]';
cam_up       = [0.238967, 0.969908, -0.0466198]';
cam_lookat   = [0, 0, 1]';
cam_sky      = [0, 1, 0]';
cam_right    = [-0.0390707, 0.0734292, 1.3274]';
cam_fpoint   = [0, 0, 1]';
cam_angle    = 90;
