cam_pos      = [2.15909, 1.23072, 0.883096]';
cam_dir      = [-0.0335256, 0.260991, 0.964759]';
cam_up       = [0.0985236, 0.961463, -0.256676]';
cam_lookat   = [0, 0, 1]';
cam_sky      = [0, 1, 0]';
cam_right    = [1.32278, -0.114974, 0.07707]';
cam_fpoint   = [0, 0, 1]';
cam_angle    = 90;
