cam_pos      = [0.156335, 1.26222, 0.794626]';
cam_dir      = [-0.27758, 0.0620888, -0.958694]';
cam_up       = [0.00739774, 0.998018, 0.0624937]';
cam_lookat   = [0, 0, 1]';
cam_sky      = [0, 1, 0]';
cam_right    = [-1.2777, -0.0136389, 0.36906]';
cam_fpoint   = [0, 0, 1]';
cam_angle    = 90;
