cam_pos      = [1.22282, 1.4346, 1.91781]';
cam_dir      = [-0.970645, 0.240512, 0.0016198]';
cam_up       = [0.239926, 0.968708, -0.0635677]';
cam_lookat   = [0, 0, 1]';
cam_sky      = [0, 1, 0]';
cam_right    = [0.022421, 0.0815463, 1.32731]';
cam_fpoint   = [0, 0, 1]';
cam_angle    = 90;
