cam_pos      = [0.1783, 1.08425, -0.231926]';
cam_dir      = [-0.348872, 0.00995984, -0.937118]';
cam_up       = [0.00508478, 0.999949, 0.00873465]';
cam_lookat   = [0, 0, 1]';
cam_sky      = [0, 1, 0]';
cam_right    = [-1.24642, 0.00228462, 0.464044]';
cam_fpoint   = [0, 0, 1]';
cam_angle    = 90;
