cam_pos      = [2.16958, 1.19484, 0.503943]';
cam_dir      = [0.231842, 0.313166, 0.920965]';
cam_up       = [0.0613789, 0.940165, -0.335146]';
cam_lookat   = [0, 0, 1]';
cam_sky      = [0, 1, 0]';
cam_right    = [1.29118, -0.178525, -0.264335]';
cam_fpoint   = [0, 0, 1]';
cam_angle    = 90;
