cam_pos      = [1.13998, 1.31667, 0.925785]';
cam_dir      = [-0.0273319, -0.00605561, -0.999608]';
cam_up       = [0.0108491, 0.999921, -0.00635415]';
cam_lookat   = [0, 0, 1]';
cam_sky      = [0, 1, 0]';
cam_right    = [-1.32943, 0.0146546, 0.0362611]';
cam_fpoint   = [0, 0, 1]';
cam_angle    = 90;
