cam_pos      = [0.580549, 1.28574, 1.00839]';
cam_dir      = [-0.572185, 0.0753969, -0.816651]';
cam_up       = [0.100892, 0.994673, 0.0211428]';
cam_lookat   = [0, 0, 1]';
cam_sky      = [0, 1, 0]';
cam_right    = [-1.08248, 0.0934937, 0.76707]';
cam_fpoint   = [0, 0, 1]';
cam_angle    = 90;
