cam_pos      = [2.06885, 1.18601, 0.156438]';
cam_dir      = [0.350917, 0.34514, 0.87048]';
cam_up       = [0.000428844, 0.929537, -0.368729]';
cam_lookat   = [0, 0, 1]';
cam_sky      = [0, 1, 0]';
cam_right    = [1.24542, -0.172589, -0.433636]';
cam_fpoint   = [0, 0, 1]';
cam_angle    = 90;
