cam_pos      = [0.407631, 0.98776, -0.959971]';
cam_dir      = [0.118793, 0.0176819, -0.992762]';
cam_up       = [-0.146833, 0.989161, 4.78201e-05]';
cam_lookat   = [0, 0, 1]';
cam_sky      = [0, 1, 0]';
cam_right    = [-1.30606, -0.193867, -0.159736]';
cam_fpoint   = [0, 0, 1]';
cam_angle    = 90;
