cam_pos      = [0.95826, 0.932897, -1.33017]';
cam_dir      = [0.651445, 0.0679711, -0.755645]';
cam_up       = [-0.229844, 0.966856, -0.11118]';
cam_lookat   = [0, 0, 1]';
cam_sky      = [0, 1, 0]';
cam_right    = [-0.961647, -0.327324, -0.858483]';
cam_fpoint   = [0, 0, 1]';
cam_angle    = 90;
