cam_pos      = [1.44843, 0.999, -1.27689]';
cam_dir      = [0.932138, 0.239339, 0.271728]';
cam_up       = [-0.162212, 0.946908, -0.277585]';
cam_lookat   = [0, 0, 1]';
cam_sky      = [0, 1, 0]';
cam_right    = [0.430572, -0.285511, -1.22556]';
cam_fpoint   = [0, 0, 1]';
cam_angle    = 90;
