cam_pos      = [1.96554, 1.36369, 1.61526]';
cam_dir      = [-0.664992, 0.294378, 0.686387]';
cam_up       = [0.197012, 0.955633, -0.218981]';
cam_lookat   = [0, 0, 1]';
cam_sky      = [0, 1, 0]';
cam_right    = [0.958128, 0.0138242, 0.922334]';
cam_fpoint   = [0, 0, 1]';
cam_angle    = 90;
