cam_pos      = [1.88402, 1.0896, -0.576616]';
cam_dir      = [0.616621, 0.307563, 0.724696]';
cam_up       = [-0.0670969, 0.937711, -0.340877]';
cam_lookat   = [0, 0, 1]';
cam_sky      = [0, 1, 0]';
cam_right    = [1.04325, -0.214884, -0.796468]';
cam_fpoint   = [0, 0, 1]';
cam_angle    = 90;
