cam_pos      = [0.293257, 1.01492, -0.756076]';
cam_dir      = [-0.150337, 0.0319565, -0.988118]';
cam_up       = [-0.0625927, 0.997165, 0.0417722]';
cam_lookat   = [0, 0, 1]';
cam_sky      = [0, 1, 0]';
cam_right    = [-1.31225, -0.0906114, 0.196722]';
cam_fpoint   = [0, 0, 1]';
cam_angle    = 90;
