cam_pos      = [0.172298, 1.09583, -0.152601]';
cam_dir      = [-0.378939, -0.00150203, -0.92542]';
cam_up       = [0.00986616, 0.999935, -0.00566295]';
cam_lookat   = [0, 0, 1]';
cam_sky      = [0, 1, 0]';
cam_right    = [-1.23074, 0.0149975, 0.503937]';
cam_fpoint   = [0, 0, 1]';
cam_angle    = 90;
