cam_pos      = [1.22781, 0.969705, -1.45459]';
cam_dir      = [0.900494, 0.257014, -0.350791]';
cam_up       = [-0.304228, 0.948722, -0.0858646]';
cam_lookat   = [0, 0, 1]';
cam_sky      = [0, 1, 0]';
cam_right    = [-0.413278, -0.244775, -1.24024]';
cam_fpoint   = [0, 0, 1]';
cam_angle    = 90;
