cam_pos      = [1.82481, 1.38044, 1.74855]';
cam_dir      = [-0.817502, 0.28303, 0.501583]';
cam_up       = [0.227044, 0.958762, -0.170958]';
cam_lookat   = [0, 0, 1]';
cam_sky      = [0, 1, 0]';
cam_right    = [0.703949, 0.0344169, 1.12791]';
cam_fpoint   = [0, 0, 1]';
cam_angle    = 90;
