cam_pos      = [0.151478, 1.2215, 0.522276]';
cam_dir      = [-0.270367, 0.0261616, -0.962402]';
cam_up       = [0.0133514, 0.999636, 0.023423]';
cam_lookat   = [0, 0, 1]';
cam_sky      = [0, 1, 0]';
cam_right    = [-1.28034, 0.00866709, 0.359922]';
cam_fpoint   = [0, 0, 1]';
cam_angle    = 90;
