cam_pos      = [1.62628, 1.39388, 1.839]';
cam_dir      = [-0.899686, 0.266682, 0.34561]';
cam_up       = [0.235294, 0.963104, -0.130643]';
cam_lookat   = [0, 0, 1]';
cam_sky      = [0, 1, 0]';
cam_right    = [0.489038, 0.0481697, 1.23589]';
cam_fpoint   = [0, 0, 1]';
cam_angle    = 90;
