cam_pos      = [0.173518, 1.17216, 0.332265]';
cam_dir      = [-0.442005, -8.38004e-05, -0.897013]';
cam_up       = [0.0365379, 0.999168, -0.0180975]';
cam_lookat   = [0, 0, 1]';
cam_sky      = [0, 1, 0]';
cam_right    = [-1.19204, 0.0542296, 0.587373]';
cam_fpoint   = [0, 0, 1]';
cam_angle    = 90;
