cam_pos      = [0.0797485, 1.2089, 0.272777]';
cam_dir      = [-0.260113, 0.0387908, -0.964799]';
cam_up       = [0.0261335, 0.99911, 0.0331246]';
cam_lookat   = [0, 0, 1]';
cam_sky      = [0, 1, 0]';
cam_right    = [-1.28375, 0.0220745, 0.34699]';
cam_fpoint   = [0, 0, 1]';
cam_angle    = 90;
