cam_pos      = [0.282824, 1.02732, -0.679931]';
cam_dir      = [-0.225313, 0.0366182, -0.973598]';
cam_up       = [-0.0278063, 0.998645, 0.0439953]';
cam_lookat   = [0, 0, 1]';
cam_sky      = [0, 1, 0]';
cam_right    = [-1.29527, -0.0491899, 0.297907]';
cam_fpoint   = [0, 0, 1]';
cam_angle    = 90;
