cam_pos      = [1.14105, 1.31245, 0.923283]';
cam_dir      = [-0.0245958, -0.00405718, -0.999689]';
cam_up       = [0.0103714, 0.999937, -0.00431336]';
cam_lookat   = [0, 0, 1]';
cam_sky      = [0, 1, 0]';
cam_right    = [-1.32953, 0.0139308, 0.0326544]';
cam_fpoint   = [0, 0, 1]';
cam_angle    = 90;
