cam_pos      = [0.204204, 1.20648, 0.612724]';
cam_dir      = [-0.421594, 0.0153445, -0.906655]';
cam_up       = [0.0280921, 0.999598, 0.00385469]';
cam_lookat   = [0, 0, 1]';
cam_sky      = [0, 1, 0]';
cam_right    = [-1.20544, 0.0317135, 0.561068]';
cam_fpoint   = [0, 0, 1]';
cam_angle    = 90;
