cam_pos      = [1.10312, 1.303, 0.954506]';
cam_dir      = [-0.213942, 0.0147899, -0.976734]';
cam_up       = [0.0449891, 0.998974, 0.00527231]';
cam_lookat   = [0, 0, 1]';
cam_sky      = [0, 1, 0]';
cam_right    = [-1.29783, 0.0569432, 0.285136]';
cam_fpoint   = [0, 0, 1]';
cam_angle    = 90;
