cam_pos      = [1.05258, 1.31141, 0.984173]';
cam_dir      = [-0.366294, 0.0407802, -0.929605]';
cam_up       = [0.0917304, 0.995755, 0.0075374]';
cam_lookat   = [0, 0, 1]';
cam_sky      = [0, 1, 0]';
cam_right    = [-1.23154, 0.109741, 0.490078]';
cam_fpoint   = [0, 0, 1]';
cam_angle    = 90;
