cam_pos      = [0.151177, 1.24809, 0.743419]';
cam_dir      = [-0.279616, 0.0563203, -0.958459]';
cam_up       = [0.0100412, 0.998395, 0.0557376]';
cam_lookat   = [0, 0, 1]';
cam_sky      = [0, 1, 0]';
cam_right    = [-1.27688, -0.00792821, 0.372045]';
cam_fpoint   = [0, 0, 1]';
cam_angle    = 90;
