cam_pos      = [1.74023, 1.38982, 1.79309]';
cam_dir      = [-0.860987, 0.276507, 0.426903]';
cam_up       = [0.23175, 0.960402, -0.15466]';
cam_lookat   = [0, 0, 1]';
cam_sky      = [0, 1, 0]';
cam_right    = [0.602175, 0.04552, 1.185]';
cam_fpoint   = [0, 0, 1]';
cam_angle    = 90;
