cam_pos      = [1.78993, 1.06547, -0.825998]';
cam_dir      = [0.655024, 0.310739, 0.688756]';
cam_up       = [-0.0809597, 0.93514, -0.344904]';
cam_lookat   = [0, 0, 1]';
cam_sky      = [0, 1, 0]';
cam_right    = [0.999173, -0.226311, -0.848137]';
cam_fpoint   = [0, 0, 1]';
cam_angle    = 90;
