cam_pos      = [0.283493, 1.33321, 1.21624]';
cam_dir      = [-0.447937, 0.111701, -0.88706]';
cam_up       = [0.0309095, 0.993506, 0.109497]';
cam_lookat   = [0, 0, 1]';
cam_sky      = [0, 1, 0]';
cam_right    = [-1.1884, -0.0287667, 0.59648]';
cam_fpoint   = [0, 0, 1]';
cam_angle    = 90;
