cam_pos      = [2.05781, 1.1711, 0.0062414]';
cam_dir      = [0.361179, 0.341669, 0.867648]';
cam_up       = [0.00192365, 0.930182, -0.367095]';
cam_lookat   = [0, 0, 1]';
cam_sky      = [0, 1, 0]';
cam_right    = [1.24022, -0.17856, -0.445956]';
cam_fpoint   = [0, 0, 1]';
cam_angle    = 90;
