cam_pos      = [0.0786277, 1.19789, 0.173205]';
cam_dir      = [-0.208875, 0.0421806, -0.977032]';
cam_up       = [0.0021098, 0.999086, 0.0426817]';
cam_lookat   = [0, 0, 1]';
cam_sky      = [0, 1, 0]';
cam_right    = [-1.30066, -0.00911555, 0.277668]';
cam_fpoint   = [0, 0, 1]';
cam_angle    = 90;
