cam_pos      = [1.10169, 1.30383, 0.955437]';
cam_dir      = [-0.220624, 0.0144707, -0.975252]';
cam_up       = [0.0463866, 0.998914, 0.00432811]';
cam_lookat   = [0, 0, 1]';
cam_sky      = [0, 1, 0]';
cam_right    = [-1.29576, 0.0588973, 0.294004]';
cam_fpoint   = [0, 0, 1]';
cam_angle    = 90;
