cam_pos      = [2.01406, 1.33902, 1.53792]';
cam_dir      = [-0.613425, 0.294755, 0.732686]';
cam_up       = [0.190567, 0.955571, -0.224872]';
cam_lookat   = [0, 0, 1]';
cam_sky      = [0, 1, 0]';
cam_right    = [1.01933, -0.00223929, 0.854315]';
cam_fpoint   = [0, 0, 1]';
cam_angle    = 90;
