cam_pos      = [2.13593, 1.30496, 1.33193]';
cam_dir      = [-0.457606, 0.283777, 0.842655]';
cam_up       = [0.165767, 0.958315, -0.232708]';
cam_lookat   = [0, 0, 1]';
cam_sky      = [0, 1, 0]';
cam_right    = [1.16184, -0.0441507, 0.645809]';
cam_fpoint   = [0, 0, 1]';
cam_angle    = 90;
