cam_pos      = [0.358019, 1.36864, 1.4707]';
cam_dir      = [-0.588143, 0.160204, -0.792731]';
cam_up       = [0.0907976, 0.987067, 0.132113]';
cam_lookat   = [0, 0, 1]';
cam_sky      = [0, 1, 0]';
cam_right    = [-1.06885, -0.00761199, 0.79146]';
cam_fpoint   = [0, 0, 1]';
cam_angle    = 90;
