cam_pos      = [1.38995, 0.989309, -1.38871]';
cam_dir      = [0.957407, 0.235649, 0.166857]';
cam_up       = [-0.190055, 0.949348, -0.250234]';
cam_lookat   = [0, 0, 1]';
cam_sky      = [0, 1, 0]';
cam_right    = [0.289106, -0.276459, -1.26842]';
cam_fpoint   = [0, 0, 1]';
cam_angle    = 90;
