cam_pos      = [0.449835, 0.980303, -0.987728]';
cam_dir      = [0.141795, 0.00614087, -0.989877]';
cam_up       = [-0.149356, 0.988666, -0.0152611]';
cam_lookat   = [0, 0, 1]';
cam_sky      = [0, 1, 0]';
cam_right    = [-1.30149, -0.199511, -0.18767]';
cam_fpoint   = [0, 0, 1]';
cam_angle    = 90;
