cam_pos      = [0.907362, 0.941733, -1.2886]';
cam_dir      = [0.558764, 0.0634675, -0.826895]';
cam_up       = [-0.220647, 0.972508, -0.0744556]';
cam_lookat   = [0, 0, 1]';
cam_sky      = [0, 1, 0]';
cam_right    = [-1.06325, -0.297993, -0.74135]';
cam_fpoint   = [0, 0, 1]';
cam_angle    = 90;
