cam_pos      = [1.1042, 1.30669, 0.954991]';
cam_dir      = [-0.199049, 0.0116552, -0.97992]';
cam_up       = [0.0418335, 0.999119, 0.003386]';
cam_lookat   = [0, 0, 1]';
cam_sky      = [0, 1, 0]';
cam_right    = [-1.3022, 0.0536249, 0.26515]';
cam_fpoint   = [0, 0, 1]';
cam_angle    = 90;
