cam_pos      = [0.18473, 1.16017, 0.214511]';
cam_dir      = [-0.457685, -0.00112024, -0.889114]';
cam_up       = [0.0331306, 0.999283, -0.0183135]';
cam_lookat   = [0, 0, 1]';
cam_sky      = [0, 1, 0]';
cam_right    = [-1.1817, 0.0503255, 0.608236]';
cam_fpoint   = [0, 0, 1]';
cam_angle    = 90;
