cam_pos      = [1.36604, 1.41525, 1.89243]';
cam_dir      = [-0.956401, 0.261905, 0.129239]';
cam_up       = [0.250329, 0.963068, -0.0991748]';
cam_lookat   = [0, 0, 1]';
cam_sky      = [0, 1, 0]';
cam_right    = [0.200085, 0.0831233, 1.31223]';
cam_fpoint   = [0, 0, 1]';
cam_angle    = 90;
