cam_pos      = [0.907381, 1.29998, 1.03075]';
cam_dir      = [-0.505768, 0.0509972, -0.861161]';
cam_up       = [0.0957354, 0.995403, 0.00272059]';
cam_lookat   = [0, 0, 1]';
cam_sky      = [0, 1, 0]';
cam_right    = [-1.14026, 0.10782, 0.676072]';
cam_fpoint   = [0, 0, 1]';
cam_angle    = 90;
