cam_pos      = [1.95254, 1.36143, 1.63276]';
cam_dir      = [-0.67648, 0.298228, 0.673375]';
cam_up       = [0.204037, 0.954443, -0.217731]';
cam_lookat   = [0, 0, 1]';
cam_sky      = [0, 1, 0]';
cam_right    = [0.941151, 0.0131633, 0.939661]';
cam_fpoint   = [0, 0, 1]';
cam_angle    = 90;
