cam_pos      = [0.150894, 1.22306, 0.634931]';
cam_dir      = [-0.279736, 0.0267906, -0.959703]';
cam_up       = [0.00923051, 0.999639, 0.0252149]';
cam_lookat   = [0, 0, 1]';
cam_sky      = [0, 1, 0]';
cam_right    = [-1.27684, 0.00240069, 0.372243]';
cam_fpoint   = [0, 0, 1]';
cam_angle    = 90;
