cam_pos      = [1.38636, 0.987607, -1.39361]';
cam_dir      = [0.957835, 0.237376, 0.161879]';
cam_up       = [-0.193267, 0.9492, -0.248329]';
cam_lookat   = [0, 0, 1]';
cam_sky      = [0, 1, 0]';
cam_right    = [0.282762, -0.274741, -1.27022]';
cam_fpoint   = [0, 0, 1]';
cam_angle    = 90;
