cam_pos      = [1.89071, 1.09405, -0.554684]';
cam_dir      = [0.605607, 0.308113, 0.733694]';
cam_up       = [-0.0616363, 0.937392, -0.34278]';
cam_lookat   = [0, 0, 1]';
cam_sky      = [0, 1, 0]';
cam_right    = [1.05519, -0.215949, -0.780287]';
cam_fpoint   = [0, 0, 1]';
cam_angle    = 90;
