cam_pos      = [0.151425, 1.22971, 0.672812]';
cam_dir      = [-0.281289, 0.035038, -0.958983]';
cam_up       = [0.0109886, 0.999385, 0.033291]';
cam_lookat   = [0, 0, 1]';
cam_sky      = [0, 1, 0]';
cam_right    = [-1.27621, 0.00156076, 0.374396]';
cam_fpoint   = [0, 0, 1]';
cam_angle    = 90;
