cam_pos      = [2.18399, 1.21596, 0.805369]';
cam_dir      = [0.0579686, 0.267743, 0.961745]';
cam_up       = [0.104821, 0.956408, -0.272575]';
cam_lookat   = [0, 0, 1]';
cam_sky      = [0, 1, 0]';
cam_right    = [1.32042, -0.155094, -0.0364107]';
cam_fpoint   = [0, 0, 1]';
cam_angle    = 90;
