cam_pos      = [0.679694, 1.43769, 1.77605]';
cam_dir      = [-0.860665, 0.21974, -0.459315]';
cam_up       = [0.215039, 0.974552, 0.0632941]';
cam_lookat   = [0, 0, 1]';
cam_sky      = [0, 1, 0]';
cam_right    = [-0.613842, 0.0589131, 1.1784]';
cam_fpoint   = [0, 0, 1]';
cam_angle    = 90;
