cam_pos      = [1.14388, 1.30411, 0.915361]';
cam_dir      = [-0.0110639, 0.00143177, -0.999938]';
cam_up       = [0.00863743, 0.999962, 0.00133623]';
cam_lookat   = [0, 0, 1]';
cam_sky      = [0, 1, 0]';
cam_right    = [-1.32987, 0.0114674, 0.0147308]';
cam_fpoint   = [0, 0, 1]';
cam_angle    = 90;
