cam_pos      = [0.82186, 1.44227, 1.8524]';
cam_dir      = [-0.91562, 0.217242, -0.338299]';
cam_up       = [0.221755, 0.974762, 0.0257652]';
cam_lookat   = [0, 0, 1]';
cam_sky      = [0, 1, 0]';
cam_right    = [-0.446026, 0.0683996, 1.25111]';
cam_fpoint   = [0, 0, 1]';
cam_angle    = 90;
