cam_pos      = [1.1505, 0.947935, -1.40406]';
cam_dir      = [0.818724, 0.120949, -0.561303]';
cam_up       = [-0.217773, 0.969933, -0.108646]';
cam_lookat   = [0, 0, 1]';
cam_sky      = [0, 1, 0]';
cam_right    = [-0.70661, -0.28088, -1.0912]';
cam_fpoint   = [0, 0, 1]';
cam_angle    = 90;
