cam_pos      = [0.0825462, 1.19644, 0.148782]';
cam_dir      = [-0.196126, 0.0437405, -0.979603]';
cam_up       = [-0.0040394, 0.99896, 0.0454136]';
cam_lookat   = [0, 0, 1]';
cam_sky      = [0, 1, 0]';
cam_right    = [-1.30416, -0.0171089, 0.260341]';
cam_fpoint   = [0, 0, 1]';
cam_angle    = 90;
