cam_pos      = [1.80252, 1.0677, -0.803686]';
cam_dir      = [0.649937, 0.308667, 0.694483]';
cam_up       = [-0.0772491, 0.935906, -0.343675]';
cam_lookat   = [0, 0, 1]';
cam_sky      = [0, 1, 0]';
cam_right    = [1.00555, -0.225726, -0.840725]';
cam_fpoint   = [0, 0, 1]';
cam_angle    = 90;
