cam_pos      = [0.338781, 1.35977, 1.42378]';
cam_dir      = [-0.554934, 0.149772, -0.818301]';
cam_up       = [0.0779617, 0.988694, 0.128089]';
cam_lookat   = [0, 0, 1]';
cam_sky      = [0, 1, 0]';
cam_right    = [-1.10155, -0.0096886, 0.745247]';
cam_fpoint   = [0, 0, 1]';
cam_angle    = 90;
