cam_pos      = [0.45729, 1.27153, 0.93196]';
cam_dir      = [-0.559739, 0.069193, -0.825775]';
cam_up       = [0.0936312, 0.995407, 0.0199403]';
cam_lookat   = [0, 0, 1]';
cam_sky      = [0, 1, 0]';
cam_right    = [-1.09507, 0.0879888, 0.749651]';
cam_fpoint   = [0, 0, 1]';
cam_angle    = 90;
