cam_pos      = [1.40781, 0.991522, -1.3554]';
cam_dir      = [0.953671, 0.230912, 0.192852]';
cam_up       = [-0.176793, 0.948795, -0.261787]';
cam_lookat   = [0, 0, 1]';
cam_sky      = [0, 1, 0]';
cam_right    = [0.323758, -0.2867, -1.25773]';
cam_fpoint   = [0, 0, 1]';
cam_angle    = 90;
