cam_pos      = [1.12887, 1.4453, 1.91923]';
cam_dir      = [-0.965483, 0.239515, -0.102345]';
cam_up       = [0.244281, 0.969009, -0.0367064]';
cam_lookat   = [0, 0, 1]';
cam_sky      = [0, 1, 0]';
cam_right    = [-0.120208, 0.0803859, 1.32211]';
cam_fpoint   = [0, 0, 1]';
cam_angle    = 90;
