cam_pos      = [0.158954, 1.27347, 0.824745]';
cam_dir      = [-0.280254, 0.0648281, -0.957734]';
cam_up       = [0.00516122, 0.997804, 0.0660302]';
cam_lookat   = [0, 0, 1]';
cam_sky      = [0, 1, 0]';
cam_right    = [-1.27668, -0.0180376, 0.372364]';
cam_fpoint   = [0, 0, 1]';
cam_angle    = 90;
