cam_pos      = [1.86429, 1.08174, -0.644402]';
cam_dir      = [0.636212, 0.304831, 0.70874]';
cam_up       = [-0.0739575, 0.938501, -0.337262]';
cam_lookat   = [0, 0, 1]';
cam_sky      = [0, 1, 0]';
cam_right    = [1.02139, -0.215663, -0.824108]';
cam_fpoint   = [0, 0, 1]';
cam_angle    = 90;
