cam_pos      = [1.15678, 1.44424, 1.92049]';
cam_dir      = [-0.968057, 0.241116, -0.0687657]';
cam_up       = [0.244365, 0.968709, -0.0434485]';
cam_lookat   = [0, 0, 1]';
cam_sky      = [0, 1, 0]';
cam_right    = [-0.0746633, 0.0782899, 1.32559]';
cam_fpoint   = [0, 0, 1]';
cam_angle    = 90;
