cam_pos      = [2.15932, 1.22573, 0.868907]';
cam_dir      = [-0.0173739, 0.263263, 0.964568]';
cam_up       = [0.101914, 0.960155, -0.260223]';
cam_lookat   = [0, 0, 1]';
cam_sky      = [0, 1, 0]';
cam_right    = [1.32287, -0.12473, 0.0578707]';
cam_fpoint   = [0, 0, 1]';
cam_angle    = 90;
