cam_pos      = [1.11202, 0.942638, -1.39309]';
cam_dir      = [0.800003, 0.10896, -0.590019]';
cam_up       = [-0.220496, 0.967951, -0.120216]';
cam_lookat   = [0, 0, 1]';
cam_sky      = [0, 1, 0]';
cam_right    = [-0.742155, -0.300939, -1.06186]';
cam_fpoint   = [0, 0, 1]';
cam_angle    = 90;
