cam_pos      = [1.99757, 1.3547, 1.55384]';
cam_dir      = [-0.627987, 0.287382, 0.723218]';
cam_up       = [0.187329, 0.957815, -0.21794]';
cam_lookat   = [0, 0, 1]';
cam_sky      = [0, 1, 0]';
cam_right    = [1.0046, 0.00184085, 0.871589]';
cam_fpoint   = [0, 0, 1]';
cam_angle    = 90;
