cam_pos      = [2.07028, 1.19621, 0.25384]';
cam_dir      = [0.332311, 0.348322, 0.876494]';
cam_up       = [0.0164028, 0.927031, -0.374625]';
cam_lookat   = [0, 0, 1]';
cam_sky      = [0, 1, 0]';
cam_right    = [1.25423, -0.184696, -0.402124]';
cam_fpoint   = [0, 0, 1]';
cam_angle    = 90;
