cam_pos      = [1.4166, 1.41573, 1.87701]';
cam_dir      = [-0.948597, 0.264448, 0.173872]';
cam_up       = [0.249532, 0.962865, -0.103078]';
cam_lookat   = [0, 0, 1]';
cam_sky      = [0, 1, 0]';
cam_right    = [0.258916, 0.0723431, 1.30255]';
cam_fpoint   = [0, 0, 1]';
cam_angle    = 90;
