cam_pos      = [1.22633, 0.963567, -1.4917]';
cam_dir      = [0.934762, 0.270377, -0.23047]';
cam_up       = [-0.303848, 0.944586, -0.12423]';
cam_lookat   = [0, 0, 1]';
cam_sky      = [0, 1, 0]';
cam_right    = [-0.244866, -0.247583, -1.28361]';
cam_fpoint   = [0, 0, 1]';
cam_angle    = 90;
