cam_pos      = [0.259271, 1.04558, -0.480746]';
cam_dir      = [-0.343507, 0.0104969, -0.939091]';
cam_up       = [-0.00154123, 0.99993, 0.0117407]';
cam_lookat   = [0, 0, 1]';
cam_sky      = [0, 1, 0]';
cam_right    = [-1.24907, -0.00728889, 0.456811]';
cam_fpoint   = [0, 0, 1]';
cam_angle    = 90;
