cam_pos      = [1.33491, 0.990718, -1.45308]';
cam_dir      = [0.959538, 0.256365, 0.116467]';
cam_up       = [-0.224994, 0.94675, -0.230309]';
cam_lookat   = [0, 0, 1]';
cam_sky      = [0, 1, 0]';
cam_right    = [0.22518, -0.259065, -1.28494]';
cam_fpoint   = [0, 0, 1]';
cam_angle    = 90;
