cam_pos      = [1.98358, 1.13144, -0.29319]';
cam_dir      = [0.487897, 0.32688, 0.809386]';
cam_up       = [-0.0418401, 0.934929, -0.352361]';
cam_lookat   = [0, 0, 1]';
cam_sky      = [0, 1, 0]';
cam_right    = [1.15962, -0.183608, -0.624869]';
cam_fpoint   = [0, 0, 1]';
cam_angle    = 90;
