cam_pos      = [0.875357, 1.29453, 1.03419]';
cam_dir      = [-0.510182, 0.050984, -0.858554]';
cam_up       = [0.0916686, 0.995779, 0.0046603]';
cam_lookat   = [0, 0, 1]';
cam_sky      = [0, 1, 0]';
cam_right    = [-1.13737, 0.101512, 0.681894]';
cam_fpoint   = [0, 0, 1]';
cam_angle    = 90;
