cam_pos      = [0.723785, 1.4376, 1.79657]';
cam_dir      = [-0.88095, 0.224294, -0.416676]';
cam_up       = [0.225158, 0.973149, 0.0478035]';
cam_lookat   = [0, 0, 1]';
cam_sky      = [0, 1, 0]';
cam_right    = [-0.553559, 0.0687683, 1.20737]';
cam_fpoint   = [0, 0, 1]';
cam_angle    = 90;
