cam_pos      = [1.22468, 0.965528, -1.48256]';
cam_dir      = [0.924941, 0.267452, -0.270099]';
cam_up       = [-0.306824, 0.94477, -0.115193]';
cam_lookat   = [0, 0, 1]';
cam_sky      = [0, 1, 0]';
cam_right    = [-0.298416, -0.251929, -1.27137]';
cam_fpoint   = [0, 0, 1]';
cam_angle    = 90;
