cam_pos      = [1.13816, 0.946676, -1.40255]';
cam_dir      = [0.813667, 0.115748, -0.569691]';
cam_up       = [-0.217164, 0.969552, -0.113176]';
cam_lookat   = [0, 0, 1]';
cam_sky      = [0, 1, 0]';
cam_right    = [-0.717196, -0.287019, -1.08266]';
cam_fpoint   = [0, 0, 1]';
cam_angle    = 90;
