cam_pos      = [1.22808, 0.964805, -1.50341]';
cam_dir      = [0.947232, 0.266804, -0.177673]';
cam_up       = [-0.292923, 0.945572, -0.141739]';
cam_lookat   = [0, 0, 1]';
cam_sky      = [0, 1, 0]';
cam_right    = [-0.173147, -0.247784, -1.29519]';
cam_fpoint   = [0, 0, 1]';
cam_angle    = 90;
