cam_pos      = [2.17276, 1.19723, 0.518355]';
cam_dir      = [0.226926, 0.305585, 0.924728]';
cam_up       = [0.0666598, 0.942399, -0.327782]';
cam_lookat   = [0, 0, 1]';
cam_sky      = [0, 1, 0]';
cam_right    = [1.29227, -0.180913, -0.257335]';
cam_fpoint   = [0, 0, 1]';
cam_angle    = 90;
