cam_pos      = [2.03888, 1.15152, -0.091543]';
cam_dir      = [0.375451, 0.348293, 0.858911]';
cam_up       = [0.00176591, 0.926437, -0.376447]';
cam_lookat   = [0, 0, 1]';
cam_sky      = [0, 1, 0]';
cam_right    = [1.2327, -0.189996, -0.461799]';
cam_fpoint   = [0, 0, 1]';
cam_angle    = 90;
