cam_pos      = [1.55229, 1.03149, -1.12562]';
cam_dir      = [0.851647, 0.279664, 0.443268]';
cam_up       = [-0.146791, 0.939169, -0.310507]';
cam_lookat   = [0, 0, 1]';
cam_sky      = [0, 1, 0]';
cam_right    = [0.669178, -0.265169, -1.11839]';
cam_fpoint   = [0, 0, 1]';
cam_angle    = 90;
