cam_pos      = [1.14647, 1.3101, 0.9159]';
cam_dir      = [-0.0104347, 0.00142333, -0.999945]';
cam_up       = [0.00601356, 0.999981, 0.00136063]';
cam_lookat   = [0, 0, 1]';
cam_sky      = [0, 1, 0]';
cam_right    = [-1.3299, 0.00797871, 0.0138893]';
cam_fpoint   = [0, 0, 1]';
cam_angle    = 90;
