cam_pos      = [1.60436, 1.39238, 1.84535]';
cam_dir      = [-0.905244, 0.264006, 0.332916]';
cam_up       = [0.235657, 0.96394, -0.123632]';
cam_lookat   = [0, 0, 1]';
cam_sky      = [0, 1, 0]';
cam_right    = [0.470223, 0.0445057, 1.24331]';
cam_fpoint   = [0, 0, 1]';
cam_angle    = 90;
