cam_pos      = [0.368333, 0.995961, -0.92097]';
cam_dir      = [0.0785068, 0.0199523, -0.996714]';
cam_up       = [-0.140552, 0.990035, 0.00874797]';
cam_lookat   = [0, 0, 1]';
cam_sky      = [0, 1, 0]';
cam_right    = [-1.31265, -0.185406, -0.107103]';
cam_fpoint   = [0, 0, 1]';
cam_angle    = 90;
