cam_pos      = [0.28447, 1.02527, -0.689274]';
cam_dir      = [-0.218419, 0.0357832, -0.975199]';
cam_up       = [-0.0313566, 0.998554, 0.0436633]';
cam_lookat   = [0, 0, 1]';
cam_sky      = [0, 1, 0]';
cam_right    = [-1.29722, -0.053354, 0.288585]';
cam_fpoint   = [0, 0, 1]';
cam_angle    = 90;
