cam_pos      = [0.94532, 1.44326, 1.88865]';
cam_dir      = [-0.942499, 0.232975, -0.239623]';
cam_up       = [0.238039, 0.971223, 0.00800838]';
cam_lookat   = [0, 0, 1]';
cam_sky      = [0, 1, 0]';
cam_right    = [-0.312009, 0.0658241, 1.29121]';
cam_fpoint   = [0, 0, 1]';
cam_angle    = 90;
