cam_pos      = [0.158186, 1.22217, 0.59343]';
cam_dir      = [-0.279712, 0.0157263, -0.959955]';
cam_up       = [0.0108178, 0.999854, 0.0132278]';
cam_lookat   = [0, 0, 1]';
cam_sky      = [0, 1, 0]';
cam_right    = [-1.27683, 0.00889054, 0.372189]';
cam_fpoint   = [0, 0, 1]';
cam_angle    = 90;
