cam_pos      = [0.859758, 0.949566, -1.24326]';
cam_dir      = [0.481801, 0.045953, -0.875075]';
cam_up       = [-0.208437, 0.975972, -0.0635103]';
cam_lookat   = [0, 0, 1]';
cam_sky      = [0, 1, 0]';
cam_right    = [-1.132, -0.283286, -0.638137]';
cam_fpoint   = [0, 0, 1]';
cam_angle    = 90;
