cam_pos      = [0.749162, 1.43791, 1.81085]';
cam_dir      = [-0.89127, 0.224033, -0.394268]';
cam_up       = [0.226192, 0.973191, 0.0416696]';
cam_lookat   = [0, 0, 1]';
cam_sky      = [0, 1, 0]';
cam_right    = [-0.522734, 0.0692149, 1.22101]';
cam_fpoint   = [0, 0, 1]';
cam_angle    = 90;
