cam_pos      = [0.0765279, 1.20177, 0.203512]';
cam_dir      = [-0.223775, 0.0387627, -0.97387]';
cam_up       = [0.00741287, 0.999248, 0.0380695]';
cam_lookat   = [0, 0, 1]';
cam_sky      = [0, 1, 0]';
cam_right    = [-1.29624, -0.00172877, 0.297779]';
cam_fpoint   = [0, 0, 1]';
cam_angle    = 90;
