cam_pos      = [0.92057, 1.30144, 1.02709]';
cam_dir      = [-0.499454, 0.0515618, -0.864805]';
cam_up       = [0.0992391, 0.995062, 0.0020141]';
cam_lookat   = [0, 0, 1]';
cam_sky      = [0, 1, 0]';
cam_right    = [-1.14465, 0.112806, 0.667798]';
cam_fpoint   = [0, 0, 1]';
cam_angle    = 90;
