cam_pos      = [1.51963, 1.02466, -1.16179]';
cam_dir      = [0.872794, 0.272703, 0.404801]';
cam_up       = [-0.153967, 0.940841, -0.301848]';
cam_lookat   = [0, 0, 1]';
cam_sky      = [0, 1, 0]';
cam_right    = [0.616013, -0.267496, -1.14799]';
cam_fpoint   = [0, 0, 1]';
cam_angle    = 90;
