cam_pos      = [0.135639, 1.22374, 0.461209]';
cam_dir      = [-0.254696, 0.0316899, -0.966502]';
cam_up       = [0.0162675, 0.999462, 0.0284837]';
cam_lookat   = [0, 0, 1]';
cam_sky      = [0, 1, 0]';
cam_right    = [-1.28596, 0.0112623, 0.33925]';
cam_fpoint   = [0, 0, 1]';
cam_angle    = 90;
