cam_pos      = [0.24432, 1.2143, 0.679994]';
cam_dir      = [-0.4609, 0.0234689, -0.887142]';
cam_up       = [0.0361757, 0.999316, 0.00764193]';
cam_lookat   = [0, 0, 1]';
cam_sky      = [0, 1, 0]';
cam_right    = [-1.17933, 0.0379992, 0.613707]';
cam_fpoint   = [0, 0, 1]';
cam_angle    = 90;
