cam_pos      = [0.17163, 1.28865, 0.885235]';
cam_dir      = [-0.293835, 0.0761694, -0.952816]';
cam_up       = [0.00372914, 0.996904, 0.0785437]';
cam_lookat   = [0, 0, 1]';
cam_sky      = [0, 1, 0]';
cam_right    = [-1.27128, -0.0259692, 0.389968]';
cam_fpoint   = [0, 0, 1]';
cam_angle    = 90;
