cam_pos      = [0.449389, 1.27047, 0.926772]';
cam_dir      = [-0.558636, 0.0692236, -0.826519]';
cam_up       = [0.0960873, 0.995203, 0.0184069]';
cam_lookat   = [0, 0, 1]';
cam_sky      = [0, 1, 0]';
cam_right    = [-1.09569, 0.0919498, 0.748269]';
cam_fpoint   = [0, 0, 1]';
cam_angle    = 90;
