cam_pos      = [1.5153, 1.40152, 1.85863]';
cam_dir      = [-0.931239, 0.252261, 0.262978]';
cam_up       = [0.230373, 0.966691, -0.111516]';
cam_lookat   = [0, 0, 1]';
cam_sky      = [0, 1, 0]';
cam_right    = [0.375526, 0.0575426, 1.27459]';
cam_fpoint   = [0, 0, 1]';
cam_angle    = 90;
