cam_pos      = [0.625706, 0.967996, -1.07726]';
cam_dir      = [0.223431, 0.000993278, -0.974719]';
cam_up       = [-0.153914, 0.98749, -0.0342748]';
cam_lookat   = [0, 0, 1]';
cam_sky      = [0, 1, 0]';
cam_right    = [-1.28011, -0.209716, -0.293649]';
cam_fpoint   = [0, 0, 1]';
cam_angle    = 90;
