cam_pos      = [1.27151, 1.43198, 1.90698]';
cam_dir      = [-0.967757, 0.24722, 0.0482479]';
cam_up       = [0.243085, 0.966843, -0.0782538]';
cam_lookat   = [0, 0, 1]';
cam_sky      = [0, 1, 0]';
cam_right    = [0.087772, 0.0851231, 1.32437]';
cam_fpoint   = [0, 0, 1]';
cam_angle    = 90;
