cam_pos      = [0.186041, 1.15466, 0.183553]';
cam_dir      = [-0.456863, -0.000371451, -0.889537]';
cam_up       = [0.0367281, 0.999139, -0.0192806]';
cam_lookat   = [0, 0, 1]';
cam_sky      = [0, 1, 0]';
cam_right    = [-1.18208, 0.0551679, 0.607086]';
cam_fpoint   = [0, 0, 1]';
cam_angle    = 90;
