cam_pos      = [0.477539, 1.42035, 1.65181]';
cam_dir      = [-0.701641, 0.197173, -0.684706]';
cam_up       = [0.155931, 0.980147, 0.122463]';
cam_lookat   = [0, 0, 1]';
cam_sky      = [0, 1, 0]';
cam_right    = [-0.924694, 0.02772, 0.955548]';
cam_fpoint   = [0, 0, 1]';
cam_angle    = 90;
