cam_pos      = [0.301452, 1.33881, 1.26886]';
cam_dir      = [-0.46818, 0.123214, -0.875]';
cam_up       = [0.0426691, 0.992228, 0.116891]';
cam_lookat   = [0, 0, 1]';
cam_sky      = [0, 1, 0]';
cam_right    = [-1.17386, -0.0231292, 0.624833]';
cam_fpoint   = [0, 0, 1]';
cam_angle    = 90;
