cam_pos      = [1.091, 1.30927, 0.962138]';
cam_dir      = [-0.256961, 0.0173786, -0.966265]';
cam_up       = [0.05776, 0.998327, 0.00259499]';
cam_lookat   = [0, 0, 1]';
cam_sky      = [0, 1, 0]';
cam_right    = [-1.28304, 0.0733425, 0.342522]';
cam_fpoint   = [0, 0, 1]';
cam_angle    = 90;
