cam_pos      = [0.522979, 1.42617, 1.69199]';
cam_dir      = [-0.754118, 0.203541, -0.624401]';
cam_up       = [0.169154, 0.978881, 0.114798]';
cam_lookat   = [0, 0, 1]';
cam_sky      = [0, 1, 0]';
cam_right    = [-0.843993, 0.0253346, 1.02759]';
cam_fpoint   = [0, 0, 1]';
cam_angle    = 90;
