cam_pos      = [1.02435, 1.44382, 1.90399]';
cam_dir      = [-0.953293, 0.233213, -0.191949]';
cam_up       = [0.240556, 0.970511, -0.0155483]';
cam_lookat   = [0, 0, 1]';
cam_sky      = [0, 1, 0]';
cam_right    = [-0.242942, 0.0811256, 1.30511]';
cam_fpoint   = [0, 0, 1]';
cam_angle    = 90;
