cam_pos      = [1.96062, 1.12792, -0.357024]';
cam_dir      = [0.515869, 0.329068, 0.790945]';
cam_up       = [-0.0420845, 0.931901, -0.360264]';
cam_lookat   = [0, 0, 1]';
cam_sky      = [0, 1, 0]';
cam_right    = [1.13799, -0.202907, -0.657801]';
cam_fpoint   = [0, 0, 1]';
cam_angle    = 90;
