cam_pos      = [0.776657, 1.30513, 1.05145]';
cam_dir      = [-0.512742, 0.0603283, -0.856421]';
cam_up       = [0.0987428, 0.995052, 0.0109762]';
cam_lookat   = [0, 0, 1]';
cam_sky      = [0, 1, 0]';
cam_right    = [-1.13429, 0.104987, 0.686495]';
cam_fpoint   = [0, 0, 1]';
cam_angle    = 90;
