cam_pos      = [1.15173, 1.3, 0.908955]';
cam_dir      = [-0.0217992, 3.22352e-13, -0.999762]';
cam_up       = [-1.98272e-14, 1, 3.22861e-13]';
cam_lookat   = [0, 0, 1]';
cam_sky      = [0, 1, 0]';
cam_right    = [-1.32968, -3.57246e-14, 0.0289929]';
cam_fpoint   = [0, 0, 1]';
cam_angle    = 90;
