cam_pos      = [1.47203, 1.01, -1.22711]';
cam_dir      = [0.915881, 0.242594, 0.31986]';
cam_up       = [-0.15243, 0.947241, -0.281957]';
cam_lookat   = [0, 0, 1]';
cam_sky      = [0, 1, 0]';
cam_right    = [0.493943, -0.278612, -1.20304]';
cam_fpoint   = [0, 0, 1]';
cam_angle    = 90;
