cam_pos      = [2.19082, 1.19201, 0.576209]';
cam_dir      = [0.200578, 0.283526, 0.937753]';
cam_up       = [0.0724753, 0.950289, -0.302818]';
cam_lookat   = [0, 0, 1]';
cam_sky      = [0, 1, 0]';
cam_right    = [1.2994, -0.171175, -0.226177]';
cam_fpoint   = [0, 0, 1]';
cam_angle    = 90;
