cam_pos      = [0.21639, 1.30617, 1.01834]';
cam_dir      = [-0.351391, 0.0996178, -0.930914]';
cam_up       = [0.0175742, 0.99485, 0.0998259]';
cam_lookat   = [0, 0, 1]';
cam_sky      = [0, 1, 0]';
cam_right    = [-1.24497, -0.0248947, 0.467272]';
cam_fpoint   = [0, 0, 1]';
cam_angle    = 90;
