cam_pos      = [0.660842, 0.966263, -1.09284]';
cam_dir      = [0.251808, 0.00671583, -0.967754]';
cam_up       = [-0.165808, 0.98549, -0.0363041]';
cam_lookat   = [0, 0, 1]';
cam_sky      = [0, 1, 0]';
cam_right    = [-1.26811, -0.225572, -0.331526]';
cam_fpoint   = [0, 0, 1]';
cam_angle    = 90;
