cam_pos      = [0.438716, 1.26893, 0.917745]';
cam_dir      = [-0.558566, 0.0666076, -0.826781]';
cam_up       = [0.0933015, 0.99549, 0.0171655]';
cam_lookat   = [0, 0, 1]';
cam_sky      = [0, 1, 0]';
cam_right    = [-1.09618, 0.089844, 0.747807]';
cam_fpoint   = [0, 0, 1]';
cam_angle    = 90;
