cam_pos      = [2.06696, 1.19693, 0.214649]';
cam_dir      = [0.342016, 0.342773, 0.874947]';
cam_up       = [0.0157085, 0.928882, -0.370043]';
cam_lookat   = [0, 0, 1]';
cam_sky      = [0, 1, 0]';
cam_right    = [1.24962, -0.186606, -0.41537]';
cam_fpoint   = [0, 0, 1]';
cam_angle    = 90;
