cam_pos      = [1.6871, 1.05081, -0.980061]';
cam_dir      = [0.753358, 0.288594, 0.590902]';
cam_up       = [-0.0996806, 0.938291, -0.331171]';
cam_lookat   = [0, 0, 1]';
cam_sky      = [0, 1, 0]';
cam_right    = [0.864516, -0.253483, -0.978396]';
cam_fpoint   = [0, 0, 1]';
cam_angle    = 90;
