cam_pos      = [0.171275, 1.09438, -0.161747]';
cam_dir      = [-0.374377, 0.00069902, -0.927276]';
cam_up       = [0.0104424, 0.999939, -0.0034622]';
cam_lookat   = [0, 0, 1]';
cam_sky      = [0, 1, 0]';
cam_right    = [-1.2332, 0.0146023, 0.497901]';
cam_fpoint   = [0, 0, 1]';
cam_angle    = 90;
