cam_pos      = [1.2857, 0.97921, -1.48276]';
cam_dir      = [0.959113, 0.281023, 0.033574]';
cam_up       = [-0.26755, 0.938965, -0.216245]';
cam_lookat   = [0, 0, 1]';
cam_sky      = [0, 1, 0]';
cam_right    = [0.122752, -0.2639, -1.29776]';
cam_fpoint   = [0, 0, 1]';
cam_angle    = 90;
