cam_pos      = [0.0794491, 1.19771, 0.165]';
cam_dir      = [-0.204148, 0.0426767, -0.978009]';
cam_up       = [-0.000231756, 0.999047, 0.0436431]';
cam_lookat   = [0, 0, 1]';
cam_sky      = [0, 1, 0]';
cam_right    = [-1.30199, -0.0121513, 0.271246]';
cam_fpoint   = [0, 0, 1]';
cam_angle    = 90;
