cam_pos      = [0.2461, 1.31402, 1.10194]';
cam_dir      = [-0.394674, 0.103017, -0.913028]';
cam_up       = [0.0242241, 0.994516, 0.10174]';
cam_lookat   = [0, 0, 1]';
cam_sky      = [0, 1, 0]';
cam_right    = [-1.22161, -0.0239889, 0.525357]';
cam_fpoint   = [0, 0, 1]';
cam_angle    = 90;
