cam_pos      = [2.14266, 1.30443, 1.32429]';
cam_dir      = [-0.455392, 0.282161, 0.844395]';
cam_up       = [0.164689, 0.958778, -0.231565]';
cam_lookat   = [0, 0, 1]';
cam_sky      = [0, 1, 0]';
cam_right    = [1.16365, -0.0447012, 0.642508]';
cam_fpoint   = [0, 0, 1]';
cam_angle    = 90;
