cam_pos      = [1.81763, 1.38004, 1.75513]';
cam_dir      = [-0.822731, 0.284027, 0.492384]';
cam_up       = [0.23001, 0.958479, -0.168562]';
cam_lookat   = [0, 0, 1]';
cam_sky      = [0, 1, 0]';
cam_right    = [0.691355, 0.0338188, 1.13569]';
cam_fpoint   = [0, 0, 1]';
cam_angle    = 90;
