cam_pos      = [2.16204, 1.24832, 0.973081]';
cam_dir      = [-0.134453, 0.271646, 0.952959]';
cam_up       = [0.11349, 0.959584, -0.257522]';
cam_lookat   = [0, 0, 1]';
cam_sky      = [0, 1, 0]';
cam_right    = [1.30925, -0.0977904, 0.212598]';
cam_fpoint   = [0, 0, 1]';
cam_angle    = 90;
