cam_pos      = [0.0810121, 1.19719, 0.156864]';
cam_dir      = [-0.200094, 0.0429187, -0.978836]';
cam_up       = [-0.00260316, 0.999013, 0.0443356]';
cam_lookat   = [0, 0, 1]';
cam_sky      = [0, 1, 0]';
cam_right    = [-1.3031, -0.0151877, 0.265714]';
cam_fpoint   = [0, 0, 1]';
cam_angle    = 90;
