cam_pos      = [0.178517, 1.19987, 0.497824]';
cam_dir      = [-0.412427, 0.00236608, -0.910988]';
cam_up       = [0.0205741, 0.999766, -0.00671776]';
cam_lookat   = [0, 0, 1]';
cam_sky      = [0, 1, 0]';
cam_right    = [-1.21131, 0.0286127, 0.548464]';
cam_fpoint   = [0, 0, 1]';
cam_angle    = 90;
