cam_pos      = [2.05811, 1.17455, 0.0168343]';
cam_dir      = [0.361464, 0.34309, 0.866968]';
cam_up       = [0.00351378, 0.92933, -0.369234]';
cam_lookat   = [0, 0, 1]';
cam_sky      = [0, 1, 0]';
cam_right    = [1.24006, -0.18156, -0.44517]';
cam_fpoint   = [0, 0, 1]';
cam_angle    = 90;
