cam_pos      = [0.48751, 0.974496, -1.0183]';
cam_dir      = [0.156575, 0.0114472, -0.9876]';
cam_up       = [-0.149753, 0.988647, -0.0122826]';
cam_lookat   = [0, 0, 1]';
cam_sky      = [0, 1, 0]';
cam_right    = [-1.29841, -0.199259, -0.208161]';
cam_fpoint   = [0, 0, 1]';
cam_angle    = 90;
