cam_pos      = [1.27007, 0.974552, -1.4909]';
cam_dir      = [0.960486, 0.278223, 0.00765482]';
cam_up       = [-0.270755, 0.94037, -0.205903]';
cam_lookat   = [0, 0, 1]';
cam_sky      = [0, 1, 0]';
cam_right    = [0.0857653, -0.260273, -1.30146]';
cam_fpoint   = [0, 0, 1]';
cam_angle    = 90;
