cam_pos      = [0.745968, 1.30685, 1.05171]';
cam_dir      = [-0.51793, 0.0732424, -0.852282]';
cam_up       = [0.10906, 0.993851, 0.0191328]';
cam_lookat   = [0, 0, 1]';
cam_sky      = [0, 1, 0]';
cam_right    = [-1.12843, 0.110444, 0.695235]';
cam_fpoint   = [0, 0, 1]';
cam_angle    = 90;
