cam_pos      = [0.599978, 1.29737, 1.01805]';
cam_dir      = [-0.569281, 0.0760955, -0.818614]';
cam_up       = [0.100124, 0.994713, 0.0228367]';
cam_lookat   = [0, 0, 1]';
cam_sky      = [0, 1, 0]';
cam_right    = [-1.08531, 0.09172, 0.763274]';
cam_fpoint   = [0, 0, 1]';
cam_angle    = 90;
