cam_pos      = [2.06557, 1.18725, 0.140849]';
cam_dir      = [0.35465, 0.342989, 0.869817]';
cam_up       = [-0.00127215, 0.930463, -0.366384]';
cam_lookat   = [0, 0, 1]';
cam_sky      = [0, 1, 0]';
cam_right    = [1.24355, -0.171347, -0.439465]';
cam_fpoint   = [0, 0, 1]';
cam_angle    = 90;
