cam_pos      = [2.07654, 1.3321, 1.44397]';
cam_dir      = [-0.553706, 0.284552, 0.782585]';
cam_up       = [0.175967, 0.958563, -0.224035]';
cam_lookat   = [0, 0, 1]';
cam_sky      = [0, 1, 0]';
cam_right    = [1.0825, -0.018167, 0.772509]';
cam_fpoint   = [0, 0, 1]';
cam_angle    = 90;
