cam_pos      = [1.37382, 0.987209, -1.40957]';
cam_dir      = [0.959858, 0.237913, 0.148558]';
cam_up       = [-0.197597, 0.949469, -0.243853]';
cam_lookat   = [0, 0, 1]';
cam_sky      = [0, 1, 0]';
cam_right    = [0.264759, -0.272264, -1.27463]';
cam_fpoint   = [0, 0, 1]';
cam_angle    = 90;
