cam_pos      = [0.330891, 0.998018, -0.873123]';
cam_dir      = [0.0199754, 0.0190233, -0.999619]';
cam_up       = [-0.117647, 0.992918, 0.0165448]';
cam_lookat   = [0, 0, 1]';
cam_sky      = [0, 1, 0]';
cam_right    = [-1.3205, -0.155972, -0.0293558]';
cam_fpoint   = [0, 0, 1]';
cam_angle    = 90;
