cam_pos      = [1.22642, 0.963757, -1.49685]';
cam_dir      = [0.940653, 0.271156, -0.204075]';
cam_up       = [-0.300911, 0.94446, -0.132094]';
cam_lookat   = [0, 0, 1]';
cam_sky      = [0, 1, 0]';
cam_right    = [-0.208708, -0.246932, -1.2901]';
cam_fpoint   = [0, 0, 1]';
cam_angle    = 90;
