cam_pos      = [2.19555, 1.19059, 0.570974]';
cam_dir      = [0.20141, 0.290367, 0.935479]';
cam_up       = [0.070467, 0.948281, -0.309512]';
cam_lookat   = [0, 0, 1]';
cam_sky      = [0, 1, 0]';
cam_right    = [1.29937, -0.170584, -0.226808]';
cam_fpoint   = [0, 0, 1]';
cam_angle    = 90;
