cam_pos      = [0.186378, 1.08006, -0.260259]';
cam_dir      = [-0.344195, 0.0089554, -0.938855]';
cam_up       = [0.00435777, 0.999959, 0.00794064]';
cam_lookat   = [0, 0, 1]';
cam_sky      = [0, 1, 0]';
cam_right    = [-1.24872, 0.00180639, 0.457813]';
cam_fpoint   = [0, 0, 1]';
cam_angle    = 90;
