cam_pos      = [1.08903, 1.30802, 0.961621]';
cam_dir      = [-0.264672, 0.0190222, -0.964151]';
cam_up       = [0.060033, 0.998191, 0.00321396]';
cam_lookat   = [0, 0, 1]';
cam_sky      = [0, 1, 0]';
cam_right    = [-1.28008, 0.0758502, 0.352896]';
cam_fpoint   = [0, 0, 1]';
cam_angle    = 90;
