cam_pos      = [2.06852, 1.19374, 0.2045]';
cam_dir      = [0.343807, 0.3419, 0.874586]';
cam_up       = [0.0143391, 0.929342, -0.368942]';
cam_lookat   = [0, 0, 1]';
cam_sky      = [0, 1, 0]';
cam_right    = [1.24878, -0.185383, -0.418434]';
cam_fpoint   = [0, 0, 1]';
cam_angle    = 90;
