cam_pos      = [0.288402, 1.02016, -0.728574]';
cam_dir      = [-0.178109, 0.0321058, -0.983487]';
cam_up       = [-0.0492928, 0.997922, 0.0415039]';
cam_lookat   = [0, 0, 1]';
cam_sky      = [0, 1, 0]';
cam_right    = [-1.30709, -0.0743086, 0.234287]';
cam_fpoint   = [0, 0, 1]';
cam_angle    = 90;
