cam_pos      = [0.385381, 1.38088, 1.52513]';
cam_dir      = [-0.618698, 0.166688, -0.767742]';
cam_up       = [0.0976432, 0.985971, 0.135381]';
cam_lookat   = [0, 0, 1]';
cam_sky      = [0, 1, 0]';
cam_right    = [-1.03678, -0.0116974, 0.832971]';
cam_fpoint   = [0, 0, 1]';
cam_angle    = 90;
