cam_pos      = [0.295297, 1.01393, -0.764058]';
cam_dir      = [-0.140268, 0.0303351, -0.989649]';
cam_up       = [-0.0657042, 0.997042, 0.0398743]';
cam_lookat   = [0, 0, 1]';
cam_sky      = [0, 1, 0]';
cam_right    = [-1.31395, -0.0939209, 0.183354]';
cam_fpoint   = [0, 0, 1]';
cam_angle    = 90;
