cam_pos      = [0.278037, 1.03435, -0.626166]';
cam_dir      = [-0.250222, 0.0280114, -0.967783]';
cam_up       = [-0.0260386, 0.999025, 0.035648]';
cam_lookat   = [0, 0, 1]';
cam_sky      = [0, 1, 0]';
cam_right    = [-1.28722, -0.0453791, 0.331501]';
cam_fpoint   = [0, 0, 1]';
cam_angle    = 90;
