cam_pos      = [0.429658, 1.40329, 1.59341]';
cam_dir      = [-0.650527, 0.181725, -0.737422]';
cam_up       = [0.12512, 0.983328, 0.131948]';
cam_lookat   = [0, 0, 1]';
cam_sky      = [0, 1, 0]';
cam_right    = [-0.996311, 0.00855243, 0.881017]';
cam_fpoint   = [0, 0, 1]';
cam_angle    = 90;
