cam_pos      = [2.16572, 1.25488, 0.979285]';
cam_dir      = [-0.146219, 0.270148, 0.951651]';
cam_up       = [0.116598, 0.959991, -0.254601]';
cam_lookat   = [0, 0, 1]';
cam_sky      = [0, 1, 0]';
cam_right    = [1.30653, -0.0980652, 0.228584]';
cam_fpoint   = [0, 0, 1]';
cam_angle    = 90;
