cam_pos      = [1.00395, 1.30852, 1.00692]';
cam_dir      = [-0.439557, 0.051854, -0.896717]';
cam_up       = [0.0964024, 0.995289, 0.010299]';
cam_lookat   = [0, 0, 1]';
cam_sky      = [0, 1, 0]';
cam_right    = [-1.18772, 0.108952, 0.588505]';
cam_fpoint   = [0, 0, 1]';
cam_angle    = 90;
