cam_pos      = [0.898046, 0.94186, -1.27837]';
cam_dir      = [0.539168, 0.0604027, -0.84003]';
cam_up       = [-0.216946, 0.973726, -0.0692292]';
cam_lookat   = [0, 0, 1]';
cam_sky      = [0, 1, 0]';
cam_right    = [-1.08232, -0.292024, -0.715681]';
cam_fpoint   = [0, 0, 1]';
cam_angle    = 90;
