cam_pos      = [1.749, 1.05652, -0.893197]';
cam_dir      = [0.689013, 0.306194, 0.656892]';
cam_up       = [-0.0920279, 0.935997, -0.339765]';
cam_lookat   = [0, 0, 1]';
cam_sky      = [0, 1, 0]';
cam_right    = [0.956114, -0.230955, -0.895212]';
cam_fpoint   = [0, 0, 1]';
cam_angle    = 90;
