cam_pos      = [2.06942, 1.18907, 0.170152]';
cam_dir      = [0.3492, 0.34214, 0.872353]';
cam_up       = [0.00579857, 0.930152, -0.36713]';
cam_lookat   = [0, 0, 1]';
cam_sky      = [0, 1, 0]';
cam_right    = [1.24625, -0.177236, -0.429357]';
cam_fpoint   = [0, 0, 1]';
cam_angle    = 90;
