cam_pos      = [0.30596, 1.34219, 1.28919]';
cam_dir      = [-0.475329, 0.127793, -0.870478]';
cam_up       = [0.0451604, 0.991634, 0.12092]';
cam_lookat   = [0, 0, 1]';
cam_sky      = [0, 1, 0]';
cam_right    = [-1.1686, -0.0241601, 0.634575]';
cam_fpoint   = [0, 0, 1]';
cam_angle    = 90;
