cam_pos      = [1.18567, 1.4403, 1.91796]';
cam_dir      = [-0.970851, 0.237542, -0.0319749]';
cam_up       = [0.238882, 0.969859, -0.0480533]';
cam_lookat   = [0, 0, 1]';
cam_sky      = [0, 1, 0]';
cam_right    = [-0.0260633, 0.0722068, 1.32778]';
cam_fpoint   = [0, 0, 1]';
cam_angle    = 90;
