cam_pos      = [0.17839, 1.16804, 0.30027]';
cam_dir      = [-0.453356, -0.00688243, -0.891303]';
cam_up       = [0.0307757, 0.999253, -0.0233699]';
cam_lookat   = [0, 0, 1]';
cam_sky      = [0, 1, 0]';
cam_right    = [-1.18476, 0.0505736, 0.602232]';
cam_fpoint   = [0, 0, 1]';
cam_angle    = 90;
