cam_pos      = [0.844353, 1.43854, 1.85746]';
cam_dir      = [-0.923251, 0.222759, -0.313027]';
cam_up       = [0.22509, 0.973901, 0.0291694]';
cam_lookat   = [0, 0, 1]';
cam_sky      = [0, 1, 0]';
cam_right    = [-0.414102, 0.0578929, 1.26256]';
cam_fpoint   = [0, 0, 1]';
cam_angle    = 90;
