cam_pos      = [0.243663, 1.04753, -0.435733]';
cam_dir      = [-0.352503, 0.00025866, -0.935811]';
cam_up       = [0.0114991, 0.999926, -0.00405512]';
cam_lookat   = [0, 0, 1]';
cam_sky      = [0, 1, 0]';
cam_right    = [-1.24453, 0.0162132, 0.468798]';
cam_fpoint   = [0, 0, 1]';
cam_angle    = 90;
