cam_pos      = [0.31437, 1.00565, -0.838421]';
cam_dir      = [-0.027858, 0.0234077, -0.999338]';
cam_up       = [-0.101447, 0.994498, 0.0261223]';
cam_lookat   = [0, 0, 1]';
cam_sky      = [0, 1, 0]';
cam_right    = [-1.32262, -0.135804, 0.033689]';
cam_fpoint   = [0, 0, 1]';
cam_angle    = 90;
