cam_pos      = [0.417396, 1.39712, 1.5712]';
cam_dir      = [-0.640336, 0.172635, -0.748443]';
cam_up       = [0.114667, 0.984981, 0.12909]';
cam_lookat   = [0, 0, 1]';
cam_sky      = [0, 1, 0]';
cam_right    = [-1.01012, 0.00420408, 0.865184]';
cam_fpoint   = [0, 0, 1]';
cam_angle    = 90;
