cam_pos      = [1.15184, 1.3133, 0.910303]';
cam_dir      = [-0.017553, -0.0023379, -0.999843]';
cam_up       = [0.00026735, 0.999997, -0.00234295]';
cam_lookat   = [0, 0, 1]';
cam_sky      = [0, 1, 0]';
cam_right    = [-1.3298, 0.000410217, 0.0233446]';
cam_fpoint   = [0, 0, 1]';
cam_angle    = 90;
