cam_pos      = [0.170386, 1.28477, 0.874578]';
cam_dir      = [-0.292795, 0.0771859, -0.953055]';
cam_up       = [0.00502794, 0.996847, 0.0791879]';
cam_lookat   = [0, 0, 1]';
cam_sky      = [0, 1, 0]';
cam_right    = [-1.2717, -0.0244639, 0.388706]';
cam_fpoint   = [0, 0, 1]';
cam_angle    = 90;
