cam_pos      = [1.02521, 0.934161, -1.36019]';
cam_dir      = [0.738377, 0.0893608, -0.668441]';
cam_up       = [-0.226828, 0.966342, -0.121374]';
cam_lookat   = [0, 0, 1]';
cam_sky      = [0, 1, 0]';
cam_right    = [-0.844679, -0.320851, -0.975947]';
cam_fpoint   = [0, 0, 1]';
cam_angle    = 90;
