cam_pos      = [0.379153, 1.37774, 1.51062]';
cam_dir      = [-0.611266, 0.166706, -0.773668]';
cam_up       = [0.0956641, 0.985959, 0.136866]';
cam_lookat   = [0, 0, 1]';
cam_sky      = [0, 1, 0]';
cam_right    = [-1.04488, -0.0128336, 0.822779]';
cam_fpoint   = [0, 0, 1]';
cam_angle    = 90;
