cam_pos      = [2.10474, 1.31078, 1.38648]';
cam_dir      = [-0.494769, 0.284096, 0.821275]';
cam_up       = [0.169685, 0.958446, -0.229321]';
cam_lookat   = [0, 0, 1]';
cam_sky      = [0, 1, 0]';
cam_right    = [1.13356, -0.0344431, 0.694813]';
cam_fpoint   = [0, 0, 1]';
cam_angle    = 90;
