cam_pos      = [0.585764, 1.28973, 1.0121]';
cam_dir      = [-0.570144, 0.0795149, -0.817688]';
cam_up       = [0.103765, 0.994304, 0.0243382]';
cam_lookat   = [0, 0, 1]';
cam_sky      = [0, 1, 0]';
cam_right    = [-1.0839, 0.0943916, 0.764946]';
cam_fpoint   = [0, 0, 1]';
cam_angle    = 90;
