cam_pos      = [2.00377, 1.14218, -0.210295]';
cam_dir      = [0.434839, 0.334771, 0.835969]';
cam_up       = [-0.0194092, 0.931598, -0.362971]';
cam_lookat   = [0, 0, 1]';
cam_sky      = [0, 1, 0]';
cam_right    = [1.1974, -0.188339, -0.547419]';
cam_fpoint   = [0, 0, 1]';
cam_angle    = 90;
