cam_pos      = [1.98749, 1.13368, -0.280501]';
cam_dir      = [0.482522, 0.32576, 0.813052]';
cam_up       = [-0.0372581, 0.935058, -0.352532]';
cam_lookat   = [0, 0, 1]';
cam_sky      = [0, 1, 0]';
cam_right    = [1.16387, -0.18595, -0.61622]';
cam_fpoint   = [0, 0, 1]';
cam_angle    = 90;
