cam_pos      = [2.14289, 1.20353, 0.450533]';
cam_dir      = [0.244949, 0.330939, 0.911306]';
cam_up       = [0.0466121, 0.934834, -0.352012]';
cam_lookat   = [0, 0, 1]';
cam_sky      = [0, 1, 0]';
cam_right    = [1.28799, -0.171175, -0.284036]';
cam_fpoint   = [0, 0, 1]';
cam_angle    = 90;
