cam_pos      = [1.6826, 1.38666, 1.81858]';
cam_dir      = [-0.879825, 0.273243, 0.388905]';
cam_up       = [0.236611, 0.961434, -0.14021]';
cam_lookat   = [0, 0, 1]';
cam_sky      = [0, 1, 0]';
cam_right    = [0.54825, 0.0416837, 1.21103]';
cam_fpoint   = [0, 0, 1]';
cam_angle    = 90;
