cam_pos      = [1.40689, 1.41481, 1.87929]';
cam_dir      = [-0.949599, 0.266161, 0.165593]';
cam_up       = [0.251748, 0.962291, -0.10305]';
cam_lookat   = [0, 0, 1]';
cam_sky      = [0, 1, 0]';
cam_right    = [0.248413, 0.0747038, 1.30446]';
cam_fpoint   = [0, 0, 1]';
cam_angle    = 90;
