cam_pos      = [0.717246, 1.30579, 1.05294]';
cam_dir      = [-0.527425, 0.0766679, -0.846135]';
cam_up       = [0.107203, 0.993966, 0.0232394]';
cam_lookat   = [0, 0, 1]';
cam_sky      = [0, 1, 0]';
cam_right    = [-1.12094, 0.10434, 0.708173]';
cam_fpoint   = [0, 0, 1]';
cam_angle    = 90;
