cam_pos      = [1.49168, 1.01601, -1.19417]';
cam_dir      = [0.896367, 0.256901, 0.361286]';
cam_up       = [-0.152586, 0.943965, -0.292655]';
cam_lookat   = [0, 0, 1]';
cam_sky      = [0, 1, 0]';
cam_right    = [0.553579, -0.275575, -1.1775]';
cam_fpoint   = [0, 0, 1]';
cam_angle    = 90;
