cam_pos      = [1.25359, 1.43432, 1.91165]';
cam_dir      = [-0.969195, 0.244704, 0.0279361]';
cam_up       = [0.242015, 0.967263, -0.0763672]';
cam_lookat   = [0, 0, 1]';
cam_sky      = [0, 1, 0]';
cam_right    = [0.0607928, 0.0894476, 1.3256]';
cam_fpoint   = [0, 0, 1]';
cam_angle    = 90;
