cam_pos      = [0.955881, 1.44446, 1.89157]';
cam_dir      = [-0.944717, 0.23147, -0.232232]';
cam_up       = [0.236818, 0.971541, 0.00498193]';
cam_lookat   = [0, 0, 1]';
cam_sky      = [0, 1, 0]';
cam_right    = [-0.301612, 0.066886, 1.29362]';
cam_fpoint   = [0, 0, 1]';
cam_angle    = 90;
