cam_pos      = [1.15392, 1.30329, 0.907453]';
cam_dir      = [-0.0150232, 0.00443577, -0.999877]';
cam_up       = [0.00506564, 0.999978, 0.0043601]';
cam_lookat   = [0, 0, 1]';
cam_sky      = [0, 1, 0]';
cam_right    = [-1.32983, 0.00664936, 0.0200102]';
cam_fpoint   = [0, 0, 1]';
cam_angle    = 90;
