cam_pos      = [1.53875, 1.02901, -1.13998]';
cam_dir      = [0.861814, 0.276652, 0.425135]';
cam_up       = [-0.150407, 0.939848, -0.306698]';
cam_lookat   = [0, 0, 1]';
cam_sky      = [0, 1, 0]';
cam_right    = [0.644267, -0.266497, -1.13261]';
cam_fpoint   = [0, 0, 1]';
cam_angle    = 90;
