cam_pos      = [1.53497, 1.39963, 1.85895]';
cam_dir      = [-0.926082, 0.254469, 0.278599]';
cam_up       = [0.230824, 0.966152, -0.115196]';
cam_lookat   = [0, 0, 1]';
cam_sky      = [0, 1, 0]';
cam_right    = [0.396982, 0.0563562, 1.26812]';
cam_fpoint   = [0, 0, 1]';
cam_angle    = 90;
