cam_pos      = [2.208, 1.20239, 0.678728]';
cam_dir      = [0.137219, 0.255594, 0.956997]';
cam_up       = [0.0921742, 0.958649, -0.269252]';
cam_lookat   = [0, 0, 1]';
cam_sky      = [0, 1, 0]';
cam_right    = [1.3117, -0.166459, -0.143621]';
cam_fpoint   = [0, 0, 1]';
cam_angle    = 90;
