cam_pos      = [1.89298, 1.09592, -0.543591]';
cam_dir      = [0.600912, 0.310219, 0.736661]';
cam_up       = [-0.0602169, 0.936565, -0.345282]';
cam_lookat   = [0, 0, 1]';
cam_sky      = [0, 1, 0]';
cam_right    = [1.06007, -0.216956, -0.77336]';
cam_fpoint   = [0, 0, 1]';
cam_angle    = 90;
