cam_pos      = [0.309416, 1.34225, 1.29946]';
cam_dir      = [-0.479763, 0.132305, -0.867366]';
cam_up       = [0.0484445, 0.991052, 0.124376]';
cam_lookat   = [0, 0, 1]';
cam_sky      = [0, 1, 0]';
cam_right    = [-1.16516, -0.0234768, 0.640899]';
cam_fpoint   = [0, 0, 1]';
cam_angle    = 90;
