cam_pos      = [0.278504, 1.03106, -0.660373]';
cam_dir      = [-0.231902, 0.0361278, -0.972068]';
cam_up       = [-0.0245248, 0.998775, 0.0429712]';
cam_lookat   = [0, 0, 1]';
cam_sky      = [0, 1, 0]';
cam_right    = [-1.29333, -0.0449605, 0.306874]';
cam_fpoint   = [0, 0, 1]';
cam_angle    = 90;
