cam_pos      = [0.609766, 1.29849, 1.02128]';
cam_dir      = [-0.566633, 0.0741017, -0.820632]';
cam_up       = [0.10155, 0.994635, 0.0196954]';
cam_lookat   = [0, 0, 1]';
cam_sky      = [0, 1, 0]';
cam_right    = [-1.08753, 0.0959929, 0.759587]';
cam_fpoint   = [0, 0, 1]';
cam_angle    = 90;
