cam_pos      = [2.17367, 1.25426, 1.01593]';
cam_dir      = [-0.199092, 0.270873, 0.941802]';
cam_up       = [0.123394, 0.960321, -0.250115]';
cam_lookat   = [0, 0, 1]';
cam_sky      = [0, 1, 0]';
cam_right    = [1.293, -0.0883343, 0.298739]';
cam_fpoint   = [0, 0, 1]';
cam_angle    = 90;
