cam_pos      = [0.17472, 1.18875, 0.428065]';
cam_dir      = [-0.425921, 0.00624352, -0.904739]';
cam_up       = [0.0307649, 0.999498, -0.00758566]';
cam_lookat   = [0, 0, 1]';
cam_sky      = [0, 1, 0]';
cam_right    = [-1.20264, 0.0413166, 0.566446]';
cam_fpoint   = [0, 0, 1]';
cam_angle    = 90;
