cam_pos      = [0.176801, 1.28913, 0.910808]';
cam_dir      = [-0.295064, 0.0834595, -0.951825]';
cam_up       = [0.00789688, 0.996357, 0.0849161]';
cam_lookat   = [0, 0, 1]';
cam_sky      = [0, 1, 0]';
cam_right    = [-1.27074, -0.0233271, 0.391882]';
cam_fpoint   = [0, 0, 1]';
cam_angle    = 90;
