cam_pos      = [0.380951, 1.25397, 0.857911]';
cam_dir      = [-0.543222, 0.0527893, -0.837928]';
cam_up       = [0.0698384, 0.997404, 0.0175606]';
cam_lookat   = [0, 0, 1]';
cam_sky      = [0, 1, 0]';
cam_right    = [-1.11278, 0.0651437, 0.725512]';
cam_fpoint   = [0, 0, 1]';
cam_angle    = 90;
