cam_pos      = [0.175851, 1.16907, 0.310651]';
cam_dir      = [-0.449212, -0.00524607, -0.89341]';
cam_up       = [0.0324869, 0.999226, -0.022202]';
cam_lookat   = [0, 0, 1]';
cam_sky      = [0, 1, 0]';
cam_right    = [-1.18747, 0.0518668, 0.596763]';
cam_fpoint   = [0, 0, 1]';
cam_angle    = 90;
