cam_pos      = [1.24093, 0.965378, -1.50954]';
cam_dir      = [0.956763, 0.280069, -0.0785277]';
cam_up       = [-0.289733, 0.941484, -0.172231]';
cam_lookat   = [0, 0, 1]';
cam_sky      = [0, 1, 0]';
cam_right    = [-0.0341757, -0.249423, -1.30596]';
cam_fpoint   = [0, 0, 1]';
cam_angle    = 90;
