cam_pos      = [0.194647, 1.29093, 0.955878]';
cam_dir      = [-0.313384, 0.0904018, -0.945314]';
cam_up       = [0.0106722, 0.995731, 0.0916853]';
cam_lookat   = [0, 0, 1]';
cam_sky      = [0, 1, 0]';
cam_right    = [-1.26292, -0.0247967, 0.416305]';
cam_fpoint   = [0, 0, 1]';
cam_angle    = 90;
