cam_pos      = [0.214905, 1.30376, 1.01086]';
cam_dir      = [-0.347149, 0.0978969, -0.932686]';
cam_up       = [0.0164016, 0.995018, 0.0983347]';
cam_lookat   = [0, 0, 1]';
cam_sky      = [0, 1, 0]';
cam_right    = [-1.2471, -0.0250561, 0.461543]';
cam_fpoint   = [0, 0, 1]';
cam_angle    = 90;
