cam_pos      = [0.869302, 1.43711, 1.86524]';
cam_dir      = [-0.929916, 0.2258, -0.290294]';
cam_up       = [0.22784, 0.973318, 0.0272262]';
cam_lookat   = [0, 0, 1]';
cam_sky      = [0, 1, 0]';
cam_right    = [-0.383966, 0.0542938, 1.27221]';
cam_fpoint   = [0, 0, 1]';
cam_angle    = 90;
