cam_pos      = [1.66047, 1.04764, -1.01355]';
cam_dir      = [0.776127, 0.285264, 0.562362]';
cam_up       = [-0.108351, 0.938889, -0.326723]';
cam_lookat   = [0, 0, 1]';
cam_sky      = [0, 1, 0]';
cam_right    = [0.826193, -0.256219, -1.01027]';
cam_fpoint   = [0, 0, 1]';
cam_angle    = 90;
