cam_pos      = [2.15586, 1.24732, 0.909091]';
cam_dir      = [-0.0650574, 0.253098, 0.965251]';
cam_up       = [0.0986222, 0.964195, -0.246174]';
cam_lookat   = [0, 0, 1]';
cam_sky      = [0, 1, 0]';
cam_right    = [1.32068, -0.105309, 0.116627]';
cam_fpoint   = [0, 0, 1]';
cam_angle    = 90;
