cam_pos      = [0.69645, 0.963407, -1.11107]';
cam_dir      = [0.292176, 0.0112786, -0.956298]';
cam_up       = [-0.174155, 0.983839, -0.0416058]';
cam_lookat   = [0, 0, 1]';
cam_sky      = [0, 1, 0]';
cam_right    = [-1.2507, -0.237671, -0.384926]';
cam_fpoint   = [0, 0, 1]';
cam_angle    = 90;
