cam_pos      = [1.99397, 1.13904, -0.243949]';
cam_dir      = [0.461618, 0.331521, 0.822802]';
cam_up       = [-0.0305241, 0.932928, -0.358767]';
cam_lookat   = [0, 0, 1]';
cam_sky      = [0, 1, 0]';
cam_right    = [1.17912, -0.186862, -0.586232]';
cam_fpoint   = [0, 0, 1]';
cam_angle    = 90;
