cam_pos      = [1.33988, 0.988458, -1.44709]';
cam_dir      = [0.959708, 0.253966, 0.120257]';
cam_up       = [-0.221614, 0.947194, -0.231754]';
cam_lookat   = [0, 0, 1]';
cam_sky      = [0, 1, 0]';
cam_right    = [0.229776, -0.260369, -1.28387]';
cam_fpoint   = [0, 0, 1]';
cam_angle    = 90;
