cam_pos      = [1.21281, 0.961988, -1.41802]';
cam_dir      = [0.847574, 0.16766, -0.503496]';
cam_up       = [-0.238483, 0.967916, -0.0791482]';
cam_lookat   = [0, 0, 1]';
cam_sky      = [0, 1, 0]';
cam_right    = [-0.630516, -0.248921, -1.14429]';
cam_fpoint   = [0, 0, 1]';
cam_angle    = 90;
