cam_pos      = [1.50615, 1.01983, -1.1754]';
cam_dir      = [0.88225, 0.266813, 0.387873]';
cam_up       = [-0.15456, 0.942382, -0.296693]';
cam_lookat   = [0, 0, 1]';
cam_sky      = [0, 1, 0]';
cam_right    = [0.591432, -0.268405, -1.16063]';
cam_fpoint   = [0, 0, 1]';
cam_angle    = 90;
