cam_pos      = [0.780052, 0.959969, -1.16975]';
cam_dir      = [0.398685, 0.0250452, -0.916746]';
cam_up       = [-0.186902, 0.980866, -0.0544851]';
cam_lookat   = [0, 0, 1]';
cam_sky      = [0, 1, 0]';
cam_right    = [-1.19413, -0.256775, -0.526332]';
cam_fpoint   = [0, 0, 1]';
cam_angle    = 90;
