cam_pos      = [1.00947, 0.93446, -1.35395]';
cam_dir      = [0.722126, 0.0809681, -0.687006]';
cam_up       = [-0.225572, 0.966404, -0.123206]';
cam_lookat   = [0, 0, 1]';
cam_sky      = [0, 1, 0]';
cam_right    = [-0.869754, -0.32444, -0.952453]';
cam_fpoint   = [0, 0, 1]';
cam_angle    = 90;
