cam_pos      = [0.190045, 1.07431, -0.280363]';
cam_dir      = [-0.341723, 0.00741697, -0.939771]';
cam_up       = [0.00591905, 0.999966, 0.00573974]';
cam_lookat   = [0, 0, 1]';
cam_sky      = [0, 1, 0]';
cam_right    = [-1.24991, 0.00478953, 0.454534]';
cam_fpoint   = [0, 0, 1]';
cam_angle    = 90;
