cam_pos      = [0.453352, 1.4154, 1.62395]';
cam_dir      = [-0.674615, 0.190367, -0.713201]';
cam_up       = [0.141375, 0.981609, 0.128284]';
cam_lookat   = [0, 0, 1]';
cam_sky      = [0, 1, 0]';
cam_right    = [-0.963593, 0.0190014, 0.916531]';
cam_fpoint   = [0, 0, 1]';
cam_angle    = 90;
