cam_pos      = [0.181115, 1.20007, 0.519607]';
cam_dir      = [-0.408381, 0.00547499, -0.912795]';
cam_up       = [0.0222509, 0.999745, -0.00395846]';
cam_lookat   = [0, 0, 1]';
cam_sky      = [0, 1, 0]';
cam_right    = [-1.21368, 0.029163, 0.543171]';
cam_fpoint   = [0, 0, 1]';
cam_angle    = 90;
