cam_pos      = [1.10455, 1.30219, 0.952659]';
cam_dir      = [-0.192416, 0.0131404, -0.981225]';
cam_up       = [0.0413498, 0.999131, 0.00527158]';
cam_lookat   = [0, 0, 1]';
cam_sky      = [0, 1, 0]';
cam_right    = [-1.30399, 0.0526136, 0.256413]';
cam_fpoint   = [0, 0, 1]';
cam_angle    = 90;
