cam_pos      = [0.689638, 1.43891, 1.78161]';
cam_dir      = [-0.864809, 0.217724, -0.45244]';
cam_up       = [0.215285, 0.97485, 0.0576164]';
cam_lookat   = [0, 0, 1]';
cam_sky      = [0, 1, 0]';
cam_right    = [-0.603296, 0.0632766, 1.18361]';
cam_fpoint   = [0, 0, 1]';
cam_angle    = 90;
