cam_pos      = [0.178328, 1.13495, 0.0575566]';
cam_dir      = [-0.429185, -0.0176215, -0.903045]';
cam_up       = [0.0166858, 0.999484, -0.0274336]';
cam_lookat   = [0, 0, 1]';
cam_sky      = [0, 1, 0]';
cam_right    = [-1.20107, 0.0357, 0.570131]';
cam_fpoint   = [0, 0, 1]';
cam_angle    = 90;
