cam_pos      = [2.07988, 1.1999, 0.318474]';
cam_dir      = [0.301455, 0.354641, 0.885073]';
cam_up       = [0.0233493, 0.925231, -0.378685]';
cam_lookat   = [0, 0, 1]';
cam_sky      = [0, 1, 0]';
cam_right    = [1.26775, -0.179313, -0.359945]';
cam_fpoint   = [0, 0, 1]';
cam_angle    = 90;
