cam_pos      = [0.806309, 1.44173, 1.84521]';
cam_dir      = [-0.910393, 0.219845, -0.350505]';
cam_up       = [0.224292, 0.974108, 0.0284121]';
cam_lookat   = [0, 0, 1]';
cam_sky      = [0, 1, 0]';
cam_right    = [-0.462409, 0.0701564, 1.24505]';
cam_fpoint   = [0, 0, 1]';
cam_angle    = 90;
