cam_pos      = [0.390874, 1.38301, 1.53431]';
cam_dir      = [-0.622317, 0.164228, -0.765344]';
cam_up       = [0.0981312, 0.986398, 0.131869]';
cam_lookat   = [0, 0, 1]';
cam_sky      = [0, 1, 0]';
cam_right    = [-1.03286, -0.0092574, 0.837857]';
cam_fpoint   = [0, 0, 1]';
cam_angle    = 90;
