cam_pos      = [0.614065, 1.43444, 1.74532]';
cam_dir      = [-0.825249, 0.221069, -0.519704]';
cam_up       = [0.206944, 0.97457, 0.0859467]';
cam_lookat   = [0, 0, 1]';
cam_sky      = [0, 1, 0]';
cam_right    = [-0.698899, 0.0487075, 1.13052]';
cam_fpoint   = [0, 0, 1]';
cam_angle    = 90;
